region,ip,prefixlength,org
apnic,24.230.0.0,19,n/a
apnic,103.20.172.0,22,n/a
apnic,103.133.84.0,22,n/a
apnic,103.153.6.0,23,n/a
apnic,103.214.228.0,24,n/a
arin,23.136.248.0,24,n/a
arin,149.112.32.0,24,n/a
arin,162.12.217.0,24,n/a
arin,185.212.72.0,23,n/a
arin,185.212.74.0,24,n/a
arin,185.212.75.0,24,n/a
arin,192.131.134.0,24,n/a
arin,192.136.54.0,24,n/a
arin,192.136.58.0,24,n/a
arin,199.103.87.0,24,n/a
arin,199.103.88.0,24,n/a
arin,199.103.92.0,24,n/a
arin,204.79.136.0,24,n/a
arin,204.79.173.0,24,n/a
arin,204.79.208.0,23,n/a
arin,204.79.210.0,24,n/a
arin,204.79.213.0,24,n/a
arin,204.79.214.0,23,n/a
arin,204.79.228.0,24,n/a
arin,206.130.228.0,24,n/a
ripencc,1.179.112.0,20,n/a
ripencc,2.0.0.0,12,fr.telecom;Orange S.A.
ripencc,2.56.80.0,22,fr.arteone;Artefact SARL
ripencc,2.56.156.0,22,fr.probesys;Probesys SARL
ripencc,2.57.72.0,22,n/a
ripencc,2.57.140.0,22,n/a
ripencc,2.58.120.0,22,fr.algonaiss;ALGONAISS SARL
ripencc,2.59.68.0,22,n/a
ripencc,2.59.72.0,22,n/a
ripencc,2.59.144.0,22,n/a
ripencc,2.59.188.0,22,fr.d-lake;D-LAKE SAS
ripencc,2.59.236.0,22,fr.k-net19;K-NET SARL
ripencc,5.8.249.0,24,n/a
ripencc,5.10.128.0,21,n/a
ripencc,5.11.56.0,22,n/a
ripencc,5.23.40.0,21,n/a
ripencc,5.39.0.0,17,n/a
ripencc,5.39.224.0,21,fr.dstorage;DSTORAGE s.a.s.
ripencc,5.39.232.0,21,n/a
ripencc,5.42.152.0,21,n/a
ripencc,5.42.193.0,24,n/a
ripencc,5.42.197.0,24,fr.iguane1;Iguane Solutions SAS
ripencc,5.42.200.0,24,fr.appliwave7;APPLIWAVE SAS
ripencc,5.44.160.0,21,n/a
ripencc,5.45.40.0,22,fr.emessage;e message wireless information services France SAS
ripencc,5.48.0.0,14,fr.bouygtel;Bouygues Telecom SA
ripencc,5.56.40.0,21,fr.numlog-fr;NUMLOG S.A.S.U.
ripencc,5.63.24.0,21,fr.splio;SPLIO
ripencc,5.83.232.0,21,fr.syntis;SYNTIS SARL
ripencc,5.100.144.0,21,n/a
ripencc,5.102.72.0,21,n/a
ripencc,5.104.96.0,21,n/a
ripencc,5.104.192.0,21,n/a
ripencc,5.133.68.0,22,n/a
ripencc,5.133.113.0,24,n/a
ripencc,5.134.96.0,21,fr.intvip;Interveille Global SAS
ripencc,5.135.0.0,16,n/a
ripencc,5.144.136.0,21,fr.ecritel;Ecritel SASU
ripencc,5.149.176.0,20,n/a
ripencc,5.158.200.0,21,n/a
ripencc,5.158.240.0,20,fr.nordnet;NordNet SA
ripencc,5.179.120.0,21,n/a
ripencc,5.179.192.0,21,n/a
ripencc,5.180.56.0,24,fr.hostelyon;hosTELyon SAS
ripencc,5.180.57.0,24,fr.abaclouda;ABACLOUDA SAS
ripencc,5.180.58.0,23,fr.abaclouda;ABACLOUDA SAS
ripencc,5.181.53.0,24,n/a
ripencc,5.181.172.0,22,n/a
ripencc,5.182.136.0,22,n/a
ripencc,5.182.144.0,22,fr.netsyst;NETSYST SAS
ripencc,5.182.156.0,22,fr.evtech;SNCF Connect & Tech Services SASU
ripencc,5.182.168.0,22,fr.2isr;INGENIERIE INFORMATIQUE SYSTEME ET RESEAU SARL
ripencc,5.182.212.0,22,fr.acorus;F5 Networks SARL
ripencc,5.182.252.0,22,fr.fingerprint;Adista Fingerprint SASAU
ripencc,5.183.16.0,22,n/a
ripencc,5.183.104.0,22,fr.grenode;Grenode
ripencc,5.183.124.0,22,fr.imadiff;MEDIACTIVE DIGITAL SAS
ripencc,5.183.212.0,22,fr.videofutur;VITIS SASU
ripencc,5.183.248.0,22,n/a
ripencc,5.196.0.0,16,n/a
ripencc,5.198.192.0,19,fr.hopus;HOPUS SAS
ripencc,5.226.0.0,21,fr.jaguar;Jaguar Network SAS
ripencc,5.226.8.0,21,n/a
ripencc,5.252.56.0,22,fr.euclyde69;EUCLYDE 69 SAS
ripencc,5.252.60.0,22,n/a
ripencc,5.252.88.0,22,n/a
ripencc,5.252.112.0,22,n/a
ripencc,5.252.148.0,22,fr.acri-st;ACRI-ST S.A.S.
ripencc,5.253.132.0,22,fr.oneoperateur2;One Operateur SAS
ripencc,5.253.152.0,22,n/a
ripencc,23.90.192.0,18,n/a
ripencc,31.3.136.0,21,n/a
ripencc,31.7.248.0,21,fr.jaguar;Jaguar Network SAS
ripencc,31.11.40.0,21,fr.ornethd;ORNE THD SPL
ripencc,31.14.0.0,22,fr.nxtofrance;NXO France SAS
ripencc,31.14.4.0,22,n/a
ripencc,31.14.68.0,22,n/a
ripencc,31.15.24.0,21,n/a
ripencc,31.24.80.0,24,fr.hexanode8;Hexanode SARL
ripencc,31.24.240.0,21,n/a
ripencc,31.24.248.0,24,n/a
ripencc,31.29.96.0,19,fr.hexanet1;HEXANET SAS
ripencc,31.32.0.0,13,fr.bouygtel;Bouygues Telecom SA
ripencc,31.41.36.0,24,n/a
ripencc,31.44.208.0,20,n/a
ripencc,31.169.40.0,21,fr.ineonet;INEONET SAS
ripencc,31.170.8.0,21,fr.evolix;Evolix SARL
ripencc,31.172.160.0,22,fr.jaguar;Jaguar Network SAS
ripencc,31.172.164.0,22,fr.ipgarde;IPGarde SAS
ripencc,31.172.172.0,22,n/a
ripencc,31.172.228.0,22,n/a
ripencc,31.172.232.0,21,fr.jaguar;Jaguar Network SAS
ripencc,31.177.0.0,21,n/a
ripencc,31.187.92.0,22,fr.webfacile;Web Facile SASU
ripencc,31.193.48.0,21,n/a
ripencc,31.193.240.0,21,fr.vedegenet;Vedege SAS
ripencc,31.204.80.0,21,n/a
ripencc,31.207.32.0,21,n/a
ripencc,31.210.0.0,21,fr.monext;MONEXT SAS
ripencc,31.216.16.0,20,n/a
ripencc,31.216.61.0,24,fr.bricks;Bricks SAS
ripencc,31.217.128.0,19,n/a
ripencc,31.217.232.0,21,n/a
ripencc,31.222.192.0,21,n/a
ripencc,31.223.190.0,24,n/a
ripencc,37.0.72.0,21,fr.cts;CTS Computers and Telecommunications Systems SAS
ripencc,37.1.168.0,21,fr.skylogic;Skylogic France S.A.S.
ripencc,37.1.232.0,21,fr.freemobile;Free Mobile SAS
ripencc,37.1.240.0,20,fr.alsatis-services;sas alsatis
ripencc,37.8.160.0,19,fr.freemobile;Free Mobile SAS
ripencc,37.9.136.0,21,n/a
ripencc,37.16.78.0,24,fr.avenir4;AVENIR TELEMATIQUE SAS
ripencc,37.18.42.0,23,fr.rdi;SPIE ICS SASU
ripencc,37.18.160.0,20,fr.rmi;ADISTA SAS
ripencc,37.19.128.0,18,n/a
ripencc,37.25.56.0,21,fr.adencf;FIGARO CLASSIFIEDS S.A.
ripencc,37.25.72.0,21,n/a
ripencc,37.26.176.0,21,fr.openip;Destiny France Partenaires SAS
ripencc,37.26.184.0,21,fr.jaguar;Jaguar Network SAS
ripencc,37.26.240.0,21,n/a
ripencc,37.32.56.0,21,n/a
ripencc,37.35.0.0,21,n/a
ripencc,37.44.236.0,22,fr.hhosting;Harmony Hosting SARL
ripencc,37.49.232.0,21,fr.ix;France IX Services SASU
ripencc,37.58.128.0,17,fr.rmi;ADISTA SAS
ripencc,37.59.0.0,16,n/a
ripencc,37.60.8.0,21,fr.zenexity;Fabernovel SAS
ripencc,37.60.48.0,20,fr.jrcg;JRCG INVEST SARL
ripencc,37.60.152.0,21,n/a
ripencc,37.60.184.0,21,n/a
ripencc,37.61.240.0,21,fr.jaguar;Jaguar Network SAS
ripencc,37.64.0.0,13,n/a
ripencc,37.72.137.0,24,n/a
ripencc,37.72.192.0,18,fr.nordnet;NordNet SA
ripencc,37.77.32.0,20,fr.hopus;HOPUS SAS
ripencc,37.97.64.0,19,n/a
ripencc,37.97.96.0,20,n/a
ripencc,37.110.192.0,21,fr.jaguar;Jaguar Network SAS
ripencc,37.114.64.0,21,fr.capaixconnect;Capaix Connectic
ripencc,37.122.200.0,21,n/a
ripencc,37.139.120.0,21,n/a
ripencc,37.140.224.0,21,fr.projet3;Linkt SAS
ripencc,37.143.52.0,22,n/a
ripencc,37.148.240.0,21,n/a
ripencc,37.148.252.0,22,n/a
ripencc,37.153.140.0,22,n/a
ripencc,37.153.152.0,22,n/a
ripencc,37.157.8.0,21,n/a
ripencc,37.157.56.0,22,n/a
ripencc,37.157.60.0,22,n/a
ripencc,37.157.128.0,21,n/a
ripencc,37.157.224.0,21,n/a
ripencc,37.160.0.0,12,fr.freemobile;Free Mobile SAS
ripencc,37.187.0.0,16,n/a
ripencc,37.188.88.0,21,n/a
ripencc,37.205.40.0,21,n/a
ripencc,37.208.48.0,21,n/a
ripencc,37.220.48.0,20,fr.nordnet;NordNet SA
ripencc,37.221.84.0,22,n/a
ripencc,37.235.88.0,21,n/a
ripencc,37.252.200.0,21,fr.skylogic;Skylogic France S.A.S.
ripencc,45.8.232.0,24,fr.sfg;SOCIETE FRANCAISE DE GARANTIE - S.F.G S.A.
ripencc,45.8.233.0,24,fr.ipgarde;IPGarde SAS
ripencc,45.8.234.0,23,fr.ipgarde;IPGarde SAS
ripencc,45.9.104.0,22,n/a
ripencc,45.9.112.0,22,fr.enedis;Enedis SA
ripencc,45.9.196.0,22,n/a
ripencc,45.9.204.0,22,fr.rezine;Rezine
ripencc,45.9.244.0,22,n/a
ripencc,45.10.8.0,22,n/a
ripencc,45.10.36.0,22,fr.sierrawireless;Sierra Wireless SA
ripencc,45.10.44.0,22,n/a
ripencc,45.10.120.0,22,n/a
ripencc,45.10.180.0,22,fr.cfi;XEFI LYON SAS
ripencc,45.10.224.0,22,n/a
ripencc,45.11.48.0,22,n/a
ripencc,45.11.148.0,22,n/a
ripencc,45.11.156.0,22,n/a
ripencc,45.11.172.0,22,fr.netbarista;Netbarista SASU
ripencc,45.11.197.0,24,n/a
ripencc,45.11.208.0,22,n/a
ripencc,45.11.252.0,22,n/a
ripencc,45.12.184.0,22,n/a
ripencc,45.12.224.0,22,fr.cfi;XEFI LYON SAS
ripencc,45.13.32.0,22,n/a
ripencc,45.13.44.0,22,fr.sdis38;SCE DEPARTEMENTAL INCENDIE ET SECOURS
ripencc,45.13.48.0,22,n/a
ripencc,45.13.104.0,22,n/a
ripencc,45.13.112.0,22,n/a
ripencc,45.13.156.0,22,fr.ipset;SARL IPSET
ripencc,45.13.172.0,22,n/a
ripencc,45.14.148.0,22,fr.mailjet-sas;MAILJET SAS
ripencc,45.14.176.0,22,n/a
ripencc,45.15.60.0,22,n/a
ripencc,45.15.204.0,22,fr.eurafibre;Eurafibre SAS
ripencc,45.15.212.0,22,n/a
ripencc,45.15.220.0,22,n/a
ripencc,45.65.104.0,22,n/a
ripencc,45.65.108.0,22,n/a
ripencc,45.66.108.0,22,n/a
ripencc,45.66.180.0,22,fr.region-auvergne;REGION AUVERGNE-RHONE-ALPES
ripencc,45.67.64.0,22,n/a
ripencc,45.67.80.0,22,fr.aquilenet;AQUILENET
ripencc,45.67.240.0,22,fr.nplcapital;NPL Capital SASU
ripencc,45.67.252.0,22,n/a
ripencc,45.80.0.0,22,n/a
ripencc,45.80.8.0,22,fr.jaguar;Jaguar Network SAS
ripencc,45.80.20.0,22,fr.jaguar;Jaguar Network SAS
ripencc,45.80.24.0,22,fr.jaguar;Jaguar Network SAS
ripencc,45.80.32.0,22,fr.jaguar;Jaguar Network SAS
ripencc,45.80.76.0,22,fr.chv;Centre hospitalier de valence
ripencc,45.80.252.0,22,n/a
ripencc,45.81.60.0,22,fr.rezine;Rezine
ripencc,45.81.80.0,22,fr.projet3;Linkt SAS
ripencc,45.81.84.0,22,fr.techcreatelecomfr;Techcrea Solutions SAS
ripencc,45.81.172.0,22,fr.riv54;Regie Intercommunale de Videocommunication du Pays Haut
ripencc,45.81.192.0,22,n/a
ripencc,45.81.196.0,22,fr.wifirst;Wifirst S.A.S.
ripencc,45.81.204.0,22,fr.revtelecom;REVTELECOM GROUP SAS
ripencc,45.81.208.0,22,fr.netalis;Netalis SAS
ripencc,45.81.212.0,22,fr.initsys;INIT SYS SAS
ripencc,45.82.180.0,22,fr.sowilo-network-fr;SOWILO NETWORK SARL
ripencc,45.82.208.0,22,n/a
ripencc,45.83.228.0,22,fr.k-net21;K-NET SARL
ripencc,45.84.52.0,22,n/a
ripencc,45.84.96.0,22,fr.celya;CELYA SAS
ripencc,45.84.112.0,22,fr.vedegenet;Vedege SAS
ripencc,45.85.32.0,22,fr.capv;Communaute d'Agglomeration du Pays Voironnais
ripencc,45.85.44.0,22,fr.manche;Departement de la Manche
ripencc,45.85.52.0,22,fr.senat;SENAT
ripencc,45.85.80.0,22,n/a
ripencc,45.85.132.0,22,n/a
ripencc,45.85.176.0,22,n/a
ripencc,45.86.40.0,22,fr.canalplusinternational;CANAL+ INTERNATIONAL SAS
ripencc,45.86.96.0,22,n/a
ripencc,45.86.100.0,22,n/a
ripencc,45.86.204.0,22,fr.ans-com;ANS-COM SARL
ripencc,45.87.56.0,22,fr.projet3;Linkt SAS
ripencc,45.87.176.0,22,fr.aprr;APRR SA
ripencc,45.87.180.0,22,n/a
ripencc,45.88.68.0,22,fr.geofnet;GEOFNET SAS
ripencc,45.88.140.0,22,n/a
ripencc,45.89.28.0,22,fr.ced;Cedric Tabary
ripencc,45.89.76.0,22,n/a
ripencc,45.89.112.0,22,n/a
ripencc,45.89.152.0,22,n/a
ripencc,45.89.184.0,22,n/a
ripencc,45.90.136.0,22,fr.casino;Distribution Casino France SAS
ripencc,45.90.160.0,24,n/a
ripencc,45.90.161.0,24,n/a
ripencc,45.90.162.0,24,n/a
ripencc,45.90.163.0,24,n/a
ripencc,45.90.192.0,22,n/a
ripencc,45.90.224.0,22,n/a
ripencc,45.91.40.0,22,fr.xtnetwork;XT NETWORK SARL
ripencc,45.91.124.0,22,fr.grifon;Groupe Rennais pour un Internet Fourni de maniere Ouverte et Neutre
ripencc,45.91.144.0,22,n/a
ripencc,45.92.52.0,22,fr.d-lake;D-LAKE SAS
ripencc,45.92.64.0,22,n/a
ripencc,45.92.180.0,22,n/a
ripencc,45.92.200.0,22,fr.atheo-ingenierie;ATHEO INGENIERIE SASU
ripencc,45.92.252.0,22,fr.grenode;Grenode
ripencc,45.93.21.0,24,fr.itnet;ITNET TECHNOLOGIES SAS
ripencc,45.93.144.0,22,n/a
ripencc,45.94.16.0,22,n/a
ripencc,45.94.124.0,22,n/a
ripencc,45.94.128.0,22,n/a
ripencc,45.95.9.0,24,fr.letsignit;Letsignit SAS
ripencc,45.95.84.0,22,fr.mbpartners;MB Partners SARL
ripencc,45.95.116.0,22,n/a
ripencc,45.128.40.0,22,fr.k-net23;K-NET SARL
ripencc,45.128.112.0,22,n/a
ripencc,45.129.48.0,22,n/a
ripencc,45.129.108.0,22,n/a
ripencc,45.129.192.0,22,fr.nebulo;NEBULO SAS
ripencc,45.129.216.0,22,n/a
ripencc,45.130.24.0,22,fr.airmob1;AIRMOB SAS
ripencc,45.130.48.0,22,fr.xynergy;Xynergy Groupe SAS
ripencc,45.130.220.0,22,n/a
ripencc,45.130.236.0,22,fr.geofnet;GEOFNET SAS
ripencc,45.132.0.0,24,n/a
ripencc,45.132.248.0,22,n/a
ripencc,45.133.68.0,22,n/a
ripencc,45.133.204.0,22,fr.progial;PROGIAL SYNAPSY SAS
ripencc,45.134.32.0,22,fr.pinpintel;ARTHUR FERNANDEZ
ripencc,45.134.192.0,22,fr.openip;Destiny France Partenaires SAS
ripencc,45.135.72.0,22,fr.comlight;Comlight SARL
ripencc,45.136.92.0,22,n/a
ripencc,45.137.24.0,23,fr.santx;SantX SAS
ripencc,45.137.26.0,23,n/a
ripencc,45.137.144.0,22,n/a
ripencc,45.137.176.0,22,fr.vente-privee;VENTE-PRIVEE.COM SA
ripencc,45.138.112.0,22,fr.linktpresta;Linkt Holding SAS
ripencc,45.138.192.0,22,n/a
ripencc,45.139.20.0,22,fr.g0t0;G0T0 S.A.S.U.
ripencc,45.139.72.0,22,fr.mbz;MINDBAZ SAS
ripencc,45.140.20.0,22,fr.serortech;SEROR TECHNOLOGIES SASU
ripencc,45.140.108.0,22,n/a
ripencc,45.141.112.0,22,fr.beyscloud;BE YS Cloud France SASU
ripencc,45.141.164.0,22,fr.bicomsystems;BICOM SYSTEMS SAS
ripencc,45.141.172.0,22,n/a
ripencc,45.142.13.0,24,n/a
ripencc,45.142.14.0,24,fr.actirise;ACTIRISE SAS
ripencc,45.142.108.0,22,n/a
ripencc,45.142.172.0,22,fr.fingerprint;Adista Fingerprint SASAU
ripencc,45.143.168.0,22,fr.o2switch-pasta;O2SWITCH SARL
ripencc,45.144.20.0,22,n/a
ripencc,45.144.92.0,22,fr.leonix3;Leonix Telecom SASU
ripencc,45.145.112.0,22,fr.fullsave;FULLSAVE SAS
ripencc,45.145.120.0,22,fr.brenac3;BRENAC EURL
ripencc,45.145.124.0,22,n/a
ripencc,45.145.164.0,22,fr.hexanode;Hexanode SARL
ripencc,45.145.232.0,22,fr.renard;Sebastien Gross
ripencc,45.146.32.0,22,fr.ix;France IX Services SASU
ripencc,45.146.212.0,22,fr.altinea;Altinea SAS
ripencc,45.147.20.0,22,fr.cgosynergie;CGO Synergie SARL
ripencc,45.147.96.0,22,n/a
ripencc,45.147.208.0,22,fr.mojiservices;NOIR GROUP SARL
ripencc,45.148.108.0,22,fr.projet3;Linkt SAS
ripencc,45.148.156.0,22,n/a
ripencc,45.148.160.0,22,fr.jeandelestre;jean delestre
ripencc,45.149.36.0,22,n/a
ripencc,45.149.56.0,22,n/a
ripencc,45.149.140.0,22,fr.esrf;The ESRF
ripencc,45.149.152.0,22,n/a
ripencc,45.150.248.0,22,fr.icow;ICOW SYSTEMS SAS a capital variable
ripencc,45.151.8.0,22,fr.d-lake;D-LAKE SAS
ripencc,45.151.16.0,22,fr.ornethd;ORNE THD SPL
ripencc,45.151.40.0,22,fr.impro;Impro Solutions SAS
ripencc,45.151.184.0,22,n/a
ripencc,45.151.188.0,22,fr.mbz;MINDBAZ SAS
ripencc,45.151.208.0,22,n/a
ripencc,45.151.220.0,22,n/a
ripencc,45.152.16.0,22,n/a
ripencc,45.152.184.0,22,n/a
ripencc,45.153.92.0,22,fr.fullsave;FULLSAVE SAS
ripencc,45.153.172.0,22,fr.smartcic;Smart CIC Global Services SARL
ripencc,45.153.204.0,22,fr.netalis;Netalis SAS
ripencc,45.154.60.0,22,n/a
ripencc,45.154.168.0,22,fr.planisware;Planisware SAS
ripencc,45.154.240.0,22,n/a
ripencc,45.155.168.0,22,n/a
ripencc,45.155.176.0,22,n/a
ripencc,45.155.228.0,22,n/a
ripencc,45.156.132.0,22,n/a
ripencc,45.156.188.0,22,fr.fullsave;FULLSAVE SAS
ripencc,45.156.228.0,22,fr.projet3;Linkt SAS
ripencc,45.156.232.0,22,n/a
ripencc,45.156.244.0,22,fr.arteone;Artefact SARL
ripencc,45.157.60.0,22,fr.servex;Serveur Express SAS
ripencc,45.157.116.0,22,fr.virtuasys;VIRTUA SYSTEMS SAS
ripencc,45.157.196.0,22,fr.htsense1;HTsense SASU
ripencc,45.157.248.0,22,fr.ornethd;ORNE THD SPL
ripencc,45.158.68.0,22,n/a
ripencc,45.159.68.0,22,n/a
ripencc,46.16.40.0,21,n/a
ripencc,46.17.64.0,21,n/a
ripencc,46.17.80.0,21,n/a
ripencc,46.18.88.0,21,fr.euskill;Euskill SAS
ripencc,46.18.96.0,21,fr.netensia;Netensia SARL
ripencc,46.18.120.0,21,n/a
ripencc,46.18.128.0,21,n/a
ripencc,46.18.168.0,21,n/a
ripencc,46.18.192.0,21,n/a
ripencc,46.18.208.0,21,fr.itinsellcloud;ITINSELL CLOUD SAS
ripencc,46.18.224.0,21,fr.cpro-telecom;KOESIO Networks SASU
ripencc,46.19.24.0,21,n/a
ripencc,46.19.120.0,21,fr.integra;ITS INTEGRA SAS
ripencc,46.19.128.0,21,n/a
ripencc,46.19.176.0,21,n/a
ripencc,46.20.160.0,20,fr.rmi;ADISTA SAS
ripencc,46.21.112.0,20,n/a
ripencc,46.21.128.0,20,n/a
ripencc,46.21.192.0,20,fr.cts;CTS Computers and Telecommunications Systems SAS
ripencc,46.22.80.0,20,fr.alsatis-services;sas alsatis
ripencc,46.22.192.0,20,fr.jaguar;Jaguar Network SAS
ripencc,46.23.240.0,20,n/a
ripencc,46.28.168.0,21,n/a
ripencc,46.29.120.0,21,n/a
ripencc,46.30.184.0,22,n/a
ripencc,46.30.200.0,21,fr.owentis;OWENTIS SAS
ripencc,46.31.40.0,21,n/a
ripencc,46.31.160.0,21,fr.astrium-sas;Airbus Defence and Space SAS
ripencc,46.31.192.0,21,n/a
ripencc,46.31.208.0,21,n/a
ripencc,46.33.160.0,19,n/a
ripencc,46.35.0.0,19,n/a
ripencc,46.105.0.0,16,n/a
ripencc,46.149.107.0,24,fr.ill;INSTITUT MAX VON LAUE-PAUL LANGEVIN
ripencc,46.162.128.0,18,fr.nordnet;NordNet SA
ripencc,46.165.64.0,18,n/a
ripencc,46.182.0.0,21,n/a
ripencc,46.182.40.0,21,n/a
ripencc,46.182.72.0,21,n/a
ripencc,46.182.208.0,21,n/a
ripencc,46.183.32.0,21,fr.cellfish;Alchimie SAS
ripencc,46.183.48.0,21,"fr.over-link;""OVER-LINK"" s.a.s."
ripencc,46.183.224.0,21,n/a
ripencc,46.192.0.0,15,fr.wifirst;Wifirst S.A.S.
ripencc,46.218.0.0,16,n/a
ripencc,46.226.104.0,21,n/a
ripencc,46.226.128.0,21,fr.hexanet1;HEXANET SAS
ripencc,46.227.16.0,21,n/a
ripencc,46.227.80.0,21,fr.ecritel;Ecritel SASU
ripencc,46.231.128.0,21,n/a
ripencc,46.231.144.0,21,n/a
ripencc,46.231.216.0,21,fr.jaguar;Jaguar Network SAS
ripencc,46.231.240.0,22,fr.aquilenet;AQUILENET
ripencc,46.235.16.0,21,n/a
ripencc,46.235.176.0,21,n/a
ripencc,46.243.56.0,22,n/a
ripencc,46.245.224.0,21,n/a
ripencc,46.245.232.0,21,fr.eto-data;EPSILON LILLE SASU
ripencc,46.247.128.0,22,n/a
ripencc,46.247.132.0,22,n/a
ripencc,46.247.136.0,22,fr.blade;Shadow SAS
ripencc,46.247.140.0,23,fr.blade;Shadow SAS
ripencc,46.247.160.0,19,fr.openip;Destiny France Partenaires SAS
ripencc,46.247.224.0,19,fr.projet3;Linkt SAS
ripencc,46.252.176.0,20,fr.magic1;SQUARK SARL
ripencc,46.254.224.0,21,n/a
ripencc,46.255.48.0,21,fr.afone;AFONE PARTICIPATIONS SA
ripencc,46.255.128.0,21,n/a
ripencc,46.255.160.0,21,fr.phpnet;PHPNET FRANCE SASU
ripencc,46.255.176.0,21,n/a
ripencc,46.255.200.0,21,fr.jaguar;Jaguar Network SAS
ripencc,62.3.33.0,24,fr.hexanode4;Hexanode SARL
ripencc,62.4.0.0,19,fr.none;ONLINE S.A.S.
ripencc,62.8.0.0,19,n/a
ripencc,62.34.0.0,15,fr.bouygtel;Bouygues Telecom SA
ripencc,62.39.0.0,16,n/a
ripencc,62.62.128.0,17,n/a
ripencc,62.64.32.0,19,fr.nordnet;NordNet SA
ripencc,62.68.65.0,24,n/a
ripencc,62.68.77.0,24,fr.convergence13;Groupe convergence.com SAS
ripencc,62.68.88.0,24,fr.compagnieduponant;COMPAGNIE DU PONANT SAS
ripencc,62.73.0.0,19,fr.network-comm;Axinet Communication sarl
ripencc,62.85.128.0,19,n/a
ripencc,62.100.128.0,19,fr.cts;CTS Computers and Telecommunications Systems SAS
ripencc,62.102.224.0,19,fr.rmi;ADISTA SAS
ripencc,62.106.73.0,24,n/a
ripencc,62.106.77.0,24,n/a
ripencc,62.106.128.0,17,n/a
ripencc,62.122.224.0,22,fr.croix-rouge;CROIX ROUGE FRANCAISE
ripencc,62.129.0.0,19,n/a
ripencc,62.129.160.0,19,n/a
ripencc,62.147.0.0,16,fr.proxad;Free SAS
ripencc,62.160.0.0,16,fr.telecom;Orange S.A.
ripencc,62.161.0.0,16,fr.telecom;Orange S.A.
ripencc,62.182.36.0,22,n/a
ripencc,62.182.44.0,22,fr.metropoledelyon;METROPOLE DE LYON
ripencc,62.192.140.0,22,fr.ornethd;ORNE THD SPL
ripencc,62.192.144.0,22,n/a
ripencc,62.192.156.0,22,n/a
ripencc,62.193.32.0,19,n/a
ripencc,62.193.192.0,18,fr.amen;AMEN SAS
ripencc,62.201.128.0,19,fr.bouygtel;Bouygues Telecom SA
ripencc,62.204.43.0,24,n/a
ripencc,62.204.62.0,24,fr.eonetrade;Eone Trade SARL
ripencc,62.210.0.0,16,fr.none;ONLINE S.A.S.
ripencc,62.212.96.0,19,n/a
ripencc,62.213.160.0,19,fr.axelcom;PARITEL OPERATEUR SAS
ripencc,62.217.0.0,19,fr.easynet;GTT Communications France SAS
ripencc,62.240.224.0,19,n/a
ripencc,62.241.64.0,18,n/a
ripencc,62.244.64.0,22,n/a
ripencc,62.244.68.0,23,n/a
ripencc,62.244.70.0,23,n/a
ripencc,62.244.72.0,22,n/a
ripencc,62.244.76.0,23,fr.wanagain;Wan Again SARL
ripencc,62.244.78.0,23,n/a
ripencc,62.244.80.0,23,n/a
ripencc,62.244.82.0,23,fr.wanagain;Wan Again SARL
ripencc,62.244.84.0,22,n/a
ripencc,62.244.88.0,23,n/a
ripencc,62.244.90.0,23,n/a
ripencc,62.244.92.0,23,n/a
ripencc,62.244.94.0,23,n/a
ripencc,62.244.96.0,22,n/a
ripencc,62.244.100.0,22,fr.wanagain;Wan Again SARL
ripencc,62.244.104.0,22,fr.wanagain;Wan Again SARL
ripencc,62.244.108.0,22,n/a
ripencc,62.244.112.0,22,n/a
ripencc,62.244.116.0,24,n/a
ripencc,62.244.117.0,24,n/a
ripencc,62.244.118.0,24,n/a
ripencc,62.244.119.0,24,n/a
ripencc,62.244.120.0,22,fr.wanagain;Wan Again SARL
ripencc,62.244.124.0,22,n/a
ripencc,64.126.192.0,18,n/a
ripencc,64.190.118.0,23,fr.serortech;SEROR TECHNOLOGIES SASU
ripencc,64.190.167.0,24,fr.serortech;SEROR TECHNOLOGIES SASU
ripencc,65.39.64.0,19,n/a
ripencc,77.32.128.0,18,n/a
ripencc,77.32.192.0,19,n/a
ripencc,77.72.40.0,21,fr.osiris;Universite de Strasbourg
ripencc,77.72.88.0,21,fr.jaguar;Jaguar Network SAS
ripencc,77.74.152.0,21,n/a
ripencc,77.74.208.0,21,n/a
ripencc,77.74.240.0,21,fr.afone;AFONE PARTICIPATIONS SA
ripencc,77.75.64.0,21,n/a
ripencc,77.75.228.0,24,fr.convergence8;Groupe convergence.com SAS
ripencc,77.83.208.0,22,n/a
ripencc,77.83.228.0,22,fr.telli;TELLI SAS
ripencc,77.84.0.0,16,n/a
ripencc,77.91.240.0,21,n/a
ripencc,77.94.224.0,22,n/a
ripencc,77.94.228.0,23,n/a
ripencc,77.94.230.0,23,fr.renault-alliance;RENAULT SAS
ripencc,77.95.64.0,21,fr.ix;France IX Services SASU
ripencc,77.104.0.0,18,n/a
ripencc,77.111.208.0,22,fr.arkadin-sas;NTT CLOUD COMMUNICATIONS SAS
ripencc,77.128.0.0,11,n/a
ripencc,77.192.0.0,12,n/a
ripencc,77.233.96.0,19,n/a
ripencc,77.240.192.0,20,n/a
ripencc,77.245.128.0,20,fr.iptel;IP Telecom SARL
ripencc,77.246.80.0,20,fr.jaguar;Jaguar Network SAS
ripencc,77.247.104.0,22,n/a
ripencc,78.24.32.0,21,n/a
ripencc,78.24.128.0,21,fr.ikoula;Ikoula Net SAS
ripencc,78.24.240.0,21,fr.uem-metz;UEM de METZ
ripencc,78.24.248.0,21,n/a
ripencc,78.31.40.0,21,n/a
ripencc,78.40.8.0,22,fr.o2switch-babylone;O2SWITCH SARL
ripencc,78.40.48.0,21,n/a
ripencc,78.40.88.0,21,n/a
ripencc,78.40.112.0,22,n/a
ripencc,78.40.120.0,21,n/a
ripencc,78.41.52.0,22,n/a
ripencc,78.41.128.0,21,fr.oecd;Organisation for Economic Co-operation and Development
ripencc,78.41.160.0,21,fr.phibee;Phibee Telecom SAS
ripencc,78.41.184.0,21,fr.phibee;Phibee Telecom SAS
ripencc,78.41.232.0,21,fr.cts;CTS Computers and Telecommunications Systems SAS
ripencc,78.41.248.0,21,n/a
ripencc,78.109.80.0,20,n/a
ripencc,78.109.240.0,20,n/a
ripencc,78.112.0.0,12,n/a
ripencc,78.138.45.0,24,n/a
ripencc,78.138.58.0,24,n/a
ripencc,78.152.128.0,19,fr.capaixconnect;Capaix Connectic
ripencc,78.153.224.0,19,fr.jaguar;Jaguar Network SAS
ripencc,78.155.128.0,19,n/a
ripencc,78.159.0.0,19,n/a
ripencc,78.159.132.0,22,n/a
ripencc,78.159.148.0,24,n/a
ripencc,78.192.0.0,10,fr.proxad;Free SAS
ripencc,79.80.0.0,12,n/a
ripencc,79.98.16.0,21,fr.pulsation;Oceanet Technology SAS
ripencc,79.98.56.0,21,n/a
ripencc,79.98.96.0,21,n/a
ripencc,79.99.32.0,21,n/a
ripencc,79.99.160.0,21,n/a
ripencc,79.110.56.0,22,n/a
ripencc,79.110.237.0,24,fr.quantumpulse;QUANTUM PULSE SASAU
ripencc,79.132.32.0,19,n/a
ripencc,79.132.144.0,20,fr.projet3;Linkt SAS
ripencc,79.137.0.0,18,n/a
ripencc,79.137.64.0,18,n/a
ripencc,79.139.67.0,24,fr.apixit;APIXIT SAS
ripencc,79.141.0.0,20,n/a
ripencc,79.141.192.0,20,fr.nordnet;NordNet SA
ripencc,79.143.240.0,20,n/a
ripencc,79.170.56.0,21,n/a
ripencc,79.170.144.0,22,fr.pragma-security;Pragma Security SASU
ripencc,79.170.216.0,21,n/a
ripencc,79.170.232.0,21,n/a
ripencc,79.174.192.0,18,n/a
ripencc,80.8.0.0,13,fr.telecom;Orange S.A.
ripencc,80.64.224.0,20,fr.e-qual;e-Qual SA
ripencc,80.65.224.0,20,n/a
ripencc,80.67.160.0,20,n/a
ripencc,80.67.176.0,20,n/a
ripencc,80.70.32.0,20,n/a
ripencc,80.70.208.0,20,n/a
ripencc,80.73.241.0,24,fr.serinya1;SERINYA TELECOM SASU
ripencc,80.74.64.0,20,fr.pulsation;Oceanet Technology SAS
ripencc,80.75.144.0,21,fr.kosc;Covage Infra SASU
ripencc,80.75.152.0,21,n/a
ripencc,80.77.224.0,20,n/a
ripencc,80.78.0.0,20,fr.atos;Atos France SAS
ripencc,80.82.224.0,20,fr.gigalis;SM Etude Devel Sces Reseaux Com
ripencc,80.87.224.0,20,n/a
ripencc,80.89.112.0,20,n/a
ripencc,80.91.215.0,24,fr.benjamin;Benjamin Sonntag
ripencc,80.93.80.0,20,fr.ikoula;Ikoula Net SAS
ripencc,80.94.176.0,20,n/a
ripencc,80.118.0.0,15,n/a
ripencc,80.124.0.0,16,n/a
ripencc,80.125.0.0,17,n/a
ripencc,80.125.128.0,18,n/a
ripencc,80.125.192.0,18,n/a
ripencc,80.185.0.0,16,n/a
ripencc,80.214.0.0,15,fr.bouygtel;Bouygues Telecom SA
ripencc,80.236.0.0,17,n/a
ripencc,80.240.107.0,24,fr.systemnet;System-Net Sas
ripencc,80.240.160.0,20,fr.projet3;Linkt SAS
ripencc,80.240.176.0,20,n/a
ripencc,80.245.16.0,20,n/a
ripencc,80.247.0.0,20,n/a
ripencc,80.247.224.0,20,fr.nfrance;NFrance Conseil
ripencc,80.248.208.0,20,n/a
ripencc,80.249.134.0,24,fr.inagral;Inagral SAS
ripencc,80.251.96.0,20,n/a
ripencc,81.1.0.0,18,n/a
ripencc,81.14.0.0,17,fr.herault-telecom;Herault Telecom
ripencc,81.18.176.0,20,n/a
ripencc,81.19.16.0,20,fr.adviseo;NETWORTH TELECOM SA
ripencc,81.20.208.0,20,fr.nordnet;NordNet SA
ripencc,81.22.216.0,21,fr.adista-o23;ADISTA SAS
ripencc,81.23.32.0,20,fr.hexanet1;HEXANET SAS
ripencc,81.27.16.0,20,fr.euroconnect;NGANALYTICS SAS
ripencc,81.28.96.0,20,n/a
ripencc,81.28.192.0,20,fr.knet;K-NET SARL
ripencc,81.31.204.0,22,fr.freecomsas;ACTIVIUM INFORMATION DESIGN SAS
ripencc,81.48.0.0,13,fr.telecom;Orange S.A.
ripencc,81.56.0.0,15,fr.proxad;Free SAS
ripencc,81.64.0.0,14,n/a
ripencc,81.80.0.0,16,fr.telecom;Orange S.A.
ripencc,81.88.96.0,20,n/a
ripencc,81.91.64.0,20,fr.ecritel;Ecritel SASU
ripencc,81.92.80.0,20,n/a
ripencc,81.93.0.0,20,n/a
ripencc,81.93.16.0,20,n/a
ripencc,81.93.240.0,20,fr.cts;CTS Computers and Telecommunications Systems SAS
ripencc,81.185.0.0,16,n/a
ripencc,81.194.0.0,16,n/a
ripencc,81.200.32.0,20,n/a
ripencc,81.200.176.0,20,n/a
ripencc,81.201.176.0,20,fr.oxymium;Oxymium SARL
ripencc,81.220.0.0,16,n/a
ripencc,81.248.0.0,13,fr.telecom;Orange S.A.
ripencc,82.64.0.0,14,fr.proxad;Free SAS
ripencc,82.96.128.0,18,fr.jaguar;Jaguar Network SAS
ripencc,82.97.0.0,18,n/a
ripencc,82.98.0.0,18,n/a
ripencc,82.101.0.0,18,n/a
ripencc,82.115.212.0,24,n/a
ripencc,82.120.0.0,13,fr.telecom;Orange S.A.
ripencc,82.142.0.0,18,fr.none;ONLINE S.A.S.
ripencc,82.151.0.0,19,n/a
ripencc,82.163.36.0,22,fr.jaguar;Jaguar Network SAS
ripencc,82.196.16.0,21,n/a
ripencc,82.196.24.0,22,fr.jaguar;Jaguar Network SAS
ripencc,82.196.28.0,22,fr.jaguar;Jaguar Network SAS
ripencc,82.210.0.0,19,n/a
ripencc,82.210.32.0,19,n/a
ripencc,82.216.0.0,16,n/a
ripencc,82.224.0.0,11,fr.proxad;Free SAS
ripencc,83.68.96.0,19,fr.sanef;SANEF SA
ripencc,83.97.74.0,24,n/a
ripencc,83.97.75.0,24,fr.interparfums;Interparfums SA
ripencc,83.112.0.0,14,fr.telecom;Orange S.A.
ripencc,83.118.192.0,19,n/a
ripencc,83.136.148.0,22,fr.senso;SENSO TELECOM SAS
ripencc,83.136.160.0,21,n/a
ripencc,83.136.208.0,21,n/a
ripencc,83.136.223.0,24,n/a
ripencc,83.137.240.0,21,fr.engie;ENGIE SA
ripencc,83.138.58.0,24,n/a
ripencc,83.141.128.0,17,n/a
ripencc,83.142.144.0,21,n/a
ripencc,83.144.0.0,18,fr.viapass;VIAPASS SAS
ripencc,83.145.64.0,18,n/a
ripencc,83.150.244.0,22,fr.1000mercis;1000mercis SA
ripencc,83.152.0.0,13,fr.none;ONLINE S.A.S.
ripencc,83.167.32.0,19,n/a
ripencc,83.167.128.0,19,n/a
ripencc,83.169.64.0,18,n/a
ripencc,83.171.208.0,22,fr.mnca;METROPOLE NICE COTE D AZUR
ripencc,83.173.64.0,18,n/a
ripencc,83.192.0.0,12,fr.telecom;Orange S.A.
ripencc,83.214.0.0,16,fr.none;ONLINE S.A.S.
ripencc,83.229.19.0,24,n/a
ripencc,83.229.28.0,23,fr.xtnetwork;XT NETWORK SARL
ripencc,83.243.124.0,22,fr.k-net13;K-NET SARL
ripencc,84.4.0.0,14,n/a
ripencc,84.22.64.0,19,n/a
ripencc,84.37.0.0,16,fr.easynet;GTT Communications France SAS
ripencc,84.39.32.0,19,n/a
ripencc,84.54.60.0,22,fr.acorus;F5 Networks SARL
ripencc,84.55.128.0,18,n/a
ripencc,84.96.0.0,13,n/a
ripencc,84.239.64.0,18,fr.pulsation;Oceanet Technology SAS
ripencc,84.246.104.0,24,n/a
ripencc,84.246.216.0,21,fr.realnot;ADSN Association declaree
ripencc,84.246.224.0,21,fr.elb;CTS Computers and Telecommunications Systems SAS
ripencc,84.247.62.0,24,fr.mbz;MINDBAZ SAS
ripencc,84.252.112.0,22,fr.onetsolutions-net-2;ONETSOLUTIONS SAS
ripencc,85.12.128.0,18,fr.phibee;Phibee Telecom SAS
ripencc,85.14.128.0,18,fr.axione;AXIONE S.A.S.
ripencc,85.31.32.0,22,n/a
ripencc,85.31.104.0,21,fr.adviseo;NETWORTH TELECOM SA
ripencc,85.31.144.0,21,n/a
ripencc,85.31.168.0,22,n/a
ripencc,85.31.192.0,19,fr.jaguar;Jaguar Network SAS
ripencc,85.68.0.0,15,n/a
ripencc,85.95.192.0,19,n/a
ripencc,85.112.192.0,19,fr.projet3;Linkt SAS
ripencc,85.116.32.0,19,fr.medcost;Hachette Filipacchi Presse SA
ripencc,85.117.128.0,19,n/a
ripencc,85.118.32.0,19,n/a
ripencc,85.119.168.0,21,n/a
ripencc,85.158.8.0,22,n/a
ripencc,85.158.16.0,21,fr.grpleg;LEGRAND FRANCE S.A
ripencc,85.158.112.0,21,fr.axelcom;PARITEL OPERATEUR SAS
ripencc,85.158.120.0,21,n/a
ripencc,85.159.184.0,21,fr.ipercast;CANALWEB SAS
ripencc,85.168.0.0,14,n/a
ripencc,85.184.64.0,19,n/a
ripencc,85.190.64.0,19,fr.blade;Shadow SAS
ripencc,85.192.192.0,18,n/a
ripencc,85.203.64.0,18,n/a
ripencc,85.204.20.0,23,fr.hexanet1;HEXANET SAS
ripencc,85.204.24.0,23,fr.hexanet1;HEXANET SAS
ripencc,85.204.72.0,24,fr.sib;SIB
ripencc,85.208.68.0,22,fr.threefourteen;Three Fourteen SASU
ripencc,85.208.144.0,22,n/a
ripencc,85.208.180.0,22,fr.cblue;CBlue SARL
ripencc,85.208.192.0,22,n/a
ripencc,85.208.216.0,22,fr.lumos;LUMOS SAS
ripencc,85.209.224.0,22,n/a
ripencc,85.222.200.0,21,fr.netalis;Netalis SAS
ripencc,85.237.96.0,19,n/a
ripencc,85.255.84.0,22,fr.sos-data;SOS-data SARL
ripencc,86.63.224.0,19,n/a
ripencc,86.64.0.0,12,n/a
ripencc,86.104.228.0,24,n/a
ripencc,86.104.252.0,23,n/a
ripencc,86.105.88.0,21,fr.projet3;Linkt SAS
ripencc,86.105.212.0,23,n/a
ripencc,86.105.254.0,23,n/a
ripencc,86.107.189.0,24,n/a
ripencc,86.107.190.0,24,n/a
ripencc,86.107.248.0,21,fr.projet3;Linkt SAS
ripencc,86.192.0.0,10,fr.telecom;Orange S.A.
ripencc,87.88.0.0,14,fr.bouygtel;Bouygues Telecom SA
ripencc,87.98.128.0,17,n/a
ripencc,87.100.0.0,17,n/a
ripencc,87.121.208.0,21,fr.blade;Shadow SAS
ripencc,87.231.0.0,17,n/a
ripencc,87.231.128.0,17,n/a
ripencc,87.236.72.0,21,fr.netmakers;KOESIO ILE DE FRANCE SAS
ripencc,87.238.144.0,21,n/a
ripencc,87.238.176.0,21,fr.integra;ITS INTEGRA SAS
ripencc,87.240.64.0,18,n/a
ripencc,87.247.224.0,21,fr.gosis-sa;Tersedia SAS
ripencc,87.252.0.0,19,n/a
ripencc,87.253.232.0,21,fr.mailjet-sas;MAILJET SAS
ripencc,87.255.128.0,19,n/a
ripencc,88.86.224.0,19,fr.scgs;Comcable SA
ripencc,88.120.0.0,13,fr.none;ONLINE S.A.S.
ripencc,88.136.0.0,13,n/a
ripencc,88.151.14.0,24,n/a
ripencc,88.151.232.0,21,fr.axelcom;PARITEL OPERATEUR SAS
ripencc,88.160.0.0,11,fr.proxad;Free SAS
ripencc,88.202.236.0,22,fr.jaguar;Jaguar Network SAS
ripencc,88.212.144.0,21,fr.jaguar;Jaguar Network SAS
ripencc,88.212.152.0,22,fr.jaguar;Jaguar Network SAS
ripencc,88.213.224.0,19,n/a
ripencc,88.218.12.0,22,n/a
ripencc,88.218.32.0,23,fr.avelia1;Avelia SAS
ripencc,88.218.34.0,24,fr.api-you;API & You SAS
ripencc,88.218.96.0,22,fr.sysun;Sysun Technologies SAS
ripencc,88.218.228.0,22,fr.serortech;SEROR TECHNOLOGIES SASU
ripencc,88.219.0.0,16,n/a
ripencc,89.2.0.0,15,n/a
ripencc,89.21.80.0,22,n/a
ripencc,89.28.144.0,21,fr.rtvc-stiring;Regie Televideocommunication
ripencc,89.30.0.0,17,n/a
ripencc,89.31.144.0,21,n/a
ripencc,89.33.144.0,21,n/a
ripencc,89.35.96.0,21,fr.hexanet1;HEXANET SAS
ripencc,89.35.104.0,21,fr.hexanet1;HEXANET SAS
ripencc,89.35.135.0,24,fr.voganet;VOGANET SARL
ripencc,89.35.179.0,24,n/a
ripencc,89.35.208.0,21,fr.projet3;Linkt SAS
ripencc,89.35.228.0,24,fr.xtnetwork;XT NETWORK SARL
ripencc,89.38.238.0,23,n/a
ripencc,89.40.210.0,24,n/a
ripencc,89.43.152.0,21,fr.projet3;Linkt SAS
ripencc,89.44.110.0,23,fr.elb;CTS Computers and Telecommunications Systems SAS
ripencc,89.46.96.0,22,n/a
ripencc,89.80.0.0,12,fr.bouygtel;Bouygues Telecom SA
ripencc,89.106.184.0,21,n/a
ripencc,89.107.168.0,21,n/a
ripencc,89.147.104.0,22,fr.xtnetwork;XT NETWORK SARL
ripencc,89.156.0.0,14,n/a
ripencc,89.170.0.0,16,n/a
ripencc,89.185.32.0,19,n/a
ripencc,89.185.160.0,19,n/a
ripencc,89.224.0.0,14,n/a
ripencc,89.234.128.0,18,n/a
ripencc,89.237.64.0,18,n/a
ripencc,89.248.72.0,21,fr.ouvanet;OUVANET SARL
ripencc,89.248.208.0,24,n/a
ripencc,89.248.209.0,24,fr.mbz;MINDBAZ SAS
ripencc,89.248.210.0,23,n/a
ripencc,89.248.212.0,22,fr.mbz;MINDBAZ SAS
ripencc,89.248.216.0,21,fr.mbz;MINDBAZ SAS
ripencc,89.251.48.0,20,n/a
ripencc,90.0.0.0,9,fr.telecom;Orange S.A.
ripencc,91.68.0.0,14,n/a
ripencc,91.88.0.0,16,n/a
ripencc,91.90.96.0,21,n/a
ripencc,91.91.0.0,16,n/a
ripencc,91.92.18.0,23,n/a
ripencc,91.102.248.0,21,fr.medcost;Hachette Filipacchi Presse SA
ripencc,91.103.40.0,21,n/a
ripencc,91.103.120.0,21,n/a
ripencc,91.103.136.0,21,n/a
ripencc,91.103.232.0,21,fr.rmi;ADISTA SAS
ripencc,91.109.120.0,21,n/a
ripencc,91.109.176.0,20,n/a
ripencc,91.121.0.0,16,n/a
ripencc,91.132.44.0,22,fr.entela;ENTELA SAS
ripencc,91.132.108.0,22,fr.steria-france;SOPRA STERIA GROUP SA
ripencc,91.132.252.0,22,fr.nexylan;SAS Nexylan
ripencc,91.134.0.0,16,n/a
ripencc,91.135.176.0,20,n/a
ripencc,91.151.48.0,20,fr.rdi;SPIE ICS SASU
ripencc,91.151.64.0,20,n/a
ripencc,91.151.112.0,20,n/a
ripencc,91.160.0.0,12,fr.none;ONLINE S.A.S.
ripencc,91.188.64.0,19,fr.ecritel;Ecritel SASU
ripencc,91.190.168.0,21,fr.splio;SPLIO
ripencc,91.191.144.0,20,fr.cts;CTS Computers and Telecommunications Systems SAS
ripencc,91.193.42.0,24,fr.amanka;AMANKA SARL
ripencc,91.196.184.0,22,n/a
ripencc,91.199.179.0,24,n/a
ripencc,91.199.221.0,24,n/a
ripencc,91.200.177.0,24,fr.dnca;DNCA FINANCE SCS
ripencc,91.201.106.0,24,fr.telyo1;Telyo SAS
ripencc,91.203.92.0,22,fr.jaguar;Jaguar Network SAS
ripencc,91.205.43.0,24,n/a
ripencc,91.205.116.0,22,n/a
ripencc,91.205.156.0,24,fr.equadex;EQUADEX SAS
ripencc,91.206.10.0,24,fr.parson;PARSON TELECOM SAS
ripencc,91.206.156.0,23,fr.groupe-cyres;GROUPE CYRES SAS
ripencc,91.206.229.0,24,fr.dscwsas;DSCW SAS
ripencc,91.208.85.0,24,fr.serinya6;SERINYA TELECOM SASU
ripencc,91.208.207.0,24,fr.clvrcldnet;Clever Cloud SAS
ripencc,91.209.57.0,24,fr.xpotransport;XPO Transport Solutions IT Europe SNC
ripencc,91.209.107.0,24,n/a
ripencc,91.209.227.0,24,fr.wello;Wesy S.A.S
ripencc,91.211.64.0,22,n/a
ripencc,91.212.11.0,24,fr.wello;Wesy S.A.S
ripencc,91.212.14.0,24,fr.wello;Wesy S.A.S
ripencc,91.212.19.0,24,fr.wello;Wesy S.A.S
ripencc,91.212.26.0,24,fr.haisoft;HaiSoft SARL
ripencc,91.213.148.0,24,n/a
ripencc,91.213.185.0,24,n/a
ripencc,91.213.223.0,24,fr.celya;CELYA SAS
ripencc,91.216.11.0,24,fr.celya;CELYA SAS
ripencc,91.216.15.0,24,fr.celya;CELYA SAS
ripencc,91.216.39.0,24,fr.celya;CELYA SAS
ripencc,91.216.195.0,24,fr.webo;WEBORAMA SA
ripencc,91.216.209.0,24,n/a
ripencc,91.217.219.0,24,fr.nextly1;Nextly SASU
ripencc,91.220.51.0,24,n/a
ripencc,91.221.92.0,23,fr.vedegenet;Vedege SAS
ripencc,91.221.106.0,23,fr.vedegenet;Vedege SAS
ripencc,91.224.230.0,23,fr.bayard-info;KOESIO AURA INFORMATIQUE SAS
ripencc,91.225.1.0,24,n/a
ripencc,91.229.230.0,23,fr.groupe-cyres;GROUPE CYRES SAS
ripencc,91.230.168.0,24,n/a
ripencc,91.230.188.0,24,n/a
ripencc,91.231.47.0,24,n/a
ripencc,91.231.89.0,24,n/a
ripencc,91.231.126.0,24,n/a
ripencc,91.231.156.0,24,n/a
ripencc,91.232.99.0,24,n/a
ripencc,91.232.103.0,24,n/a
ripencc,91.233.66.0,24,fr.novatim;Mati Lan SAS
ripencc,91.234.236.0,24,fr.gamac;GAMAC S.A.R.L.
ripencc,91.234.238.0,24,fr.okteo;OKTEO COOP
ripencc,91.237.208.0,24,fr.optimustelecom;Optimus Telecom SASU
ripencc,91.237.215.0,24,fr.optimustelecom;Optimus Telecom SASU
ripencc,91.238.1.0,24,fr.optimustelecom;Optimus Telecom SASU
ripencc,91.238.18.0,24,fr.optimustelecom;Optimus Telecom SASU
ripencc,91.238.63.0,24,n/a
ripencc,91.239.54.0,24,fr.telerys1;TELERYS COMMUNICATION SAS
ripencc,91.239.56.0,24,n/a
ripencc,91.242.224.0,24,fr.convergence11;Groupe convergence.com SAS
ripencc,91.243.117.0,24,n/a
ripencc,91.244.200.0,22,fr.dimosoftware;D.I.M.O Software SAS
ripencc,92.39.240.0,20,fr.elb;CTS Computers and Telecommunications Systems SAS
ripencc,92.42.216.0,21,fr.infosat;WEACCESS GROUP S.A.
ripencc,92.43.128.0,21,fr.phibee;Phibee Telecom SAS
ripencc,92.43.248.0,21,fr.agarik;AGARIK SAS
ripencc,92.61.72.0,21,fr.adista-o23;ADISTA SAS
ripencc,92.61.128.0,20,n/a
ripencc,92.61.160.0,20,fr.m6dd;M6 Distribution Digital SAS
ripencc,92.88.0.0,13,n/a
ripencc,92.102.0.0,15,n/a
ripencc,92.118.96.0,22,n/a
ripencc,92.118.244.0,22,fr.elit-technologies;Elit-Technologies SAS
ripencc,92.119.52.0,22,n/a
ripencc,92.119.232.0,22,n/a
ripencc,92.128.0.0,10,fr.telecom;Orange S.A.
ripencc,92.222.0.0,16,n/a
ripencc,92.243.0.0,19,n/a
ripencc,92.245.128.0,19,fr.alsatis-services;sas alsatis
ripencc,92.249.40.0,22,n/a
ripencc,93.0.0.0,11,n/a
ripencc,93.92.104.0,21,fr.seres;SERES SA
ripencc,93.93.40.0,21,fr.fullsave;FULLSAVE SAS
ripencc,93.93.152.0,21,n/a
ripencc,93.93.184.0,21,fr.itinsellcloud;ITINSELL CLOUD SAS
ripencc,93.94.160.0,21,fr.globalsp;GLOBAL SERVICE PROVIDER S.A.
ripencc,93.95.56.0,21,fr.kosc;Covage Infra SASU
ripencc,93.95.232.0,21,n/a
ripencc,93.113.206.0,23,n/a
ripencc,93.113.254.0,24,n/a
ripencc,93.115.96.0,23,n/a
ripencc,93.118.32.0,22,n/a
ripencc,93.158.0.0,18,fr.ibrowse;iBrowse SARL
ripencc,93.174.32.0,21,n/a
ripencc,93.174.144.0,21,fr.cnamts;CAISSE NATIONALE DE L'ASSURANCE MALADIE
ripencc,93.177.68.0,22,n/a
ripencc,93.177.81.0,24,fr.bdesmare;Blue Infra SAS
ripencc,93.177.84.0,22,fr.crisp;Crisp IM SAS
ripencc,93.182.192.0,18,n/a
ripencc,93.184.32.0,20,n/a
ripencc,93.187.40.0,21,n/a
ripencc,93.188.144.0,21,n/a
ripencc,93.188.168.0,21,n/a
ripencc,93.190.32.0,22,fr.sequantic;SEQUANTIC TELECOM SAS
ripencc,93.190.208.0,21,n/a
ripencc,93.191.40.0,21,n/a
ripencc,93.191.80.0,21,n/a
ripencc,93.191.184.0,21,fr.afone;AFONE PARTICIPATIONS SA
ripencc,94.23.0.0,16,n/a
ripencc,94.24.24.0,22,n/a
ripencc,94.24.30.0,23,n/a
ripencc,94.100.160.0,20,fr.jaguar;Jaguar Network SAS
ripencc,94.103.120.0,22,n/a
ripencc,94.103.128.0,20,n/a
ripencc,94.124.80.0,21,fr.wistee;WISTEE SAS
ripencc,94.124.128.0,21,fr.obs-olm;Orange Business Services SA
ripencc,94.124.152.0,21,n/a
ripencc,94.124.232.0,21,fr.integra;ITS INTEGRA SAS
ripencc,94.125.104.0,21,fr.agora;AGORA CALYCE SpAS
ripencc,94.125.160.0,21,fr.ikoula;Ikoula Net SAS
ripencc,94.125.168.0,21,n/a
ripencc,94.126.112.0,21,n/a
ripencc,94.127.8.0,21,fr.rmi;ADISTA SAS
ripencc,94.140.4.0,22,fr.xtnetwork;XT NETWORK SARL
ripencc,94.143.16.0,21,n/a
ripencc,94.143.80.0,21,fr.openip;Destiny France Partenaires SAS
ripencc,94.143.112.0,21,n/a
ripencc,94.143.216.0,21,n/a
ripencc,94.143.228.0,24,fr.esiea-pedagogie;Groupe ESIEA Association declaree
ripencc,94.154.4.0,24,n/a
ripencc,94.154.5.0,24,n/a
ripencc,94.154.6.0,24,fr.axecibles;Axecibles SAS
ripencc,94.154.14.0,24,fr.businessgeo;Ciril Group SAS
ripencc,94.154.15.0,24,n/a
ripencc,94.154.119.0,24,n/a
ripencc,94.158.180.0,22,n/a
ripencc,94.176.160.0,23,fr.coresystem;CORESYSTEM SASU
ripencc,94.185.64.0,21,fr.alcatraz;ALCATRAZ INFORMATION SECURITY SARL
ripencc,94.187.128.0,19,n/a
ripencc,94.198.144.0,21,n/a
ripencc,94.198.200.0,21,fr.infomil;Infomil S.A.S.
ripencc,94.199.120.0,21,n/a
ripencc,94.199.152.0,21,fr.integra;ITS INTEGRA SAS
ripencc,94.228.176.0,20,n/a
ripencc,94.231.203.0,24,n/a
ripencc,94.231.206.0,24,n/a
ripencc,94.231.214.0,24,fr.bandainamcoent;Bandai Namco Europe SAS
ripencc,94.231.215.0,24,fr.stquentin;COMMUNE DE SAINT QUENTIN
ripencc,94.238.0.0,15,fr.bouygtel;Bouygues Telecom SA
ripencc,94.247.24.0,21,fr.elb;CTS Computers and Telecommunications Systems SAS
ripencc,94.247.160.0,21,fr.openip;Destiny France Partenaires SAS
ripencc,94.247.176.0,21,fr.cts;CTS Computers and Telecommunications Systems SAS
ripencc,94.247.232.0,21,n/a
ripencc,95.81.128.0,18,n/a
ripencc,95.111.128.0,19,n/a
ripencc,95.128.40.0,21,n/a
ripencc,95.128.72.0,21,fr.celeonet;Celeonet SAS
ripencc,95.128.144.0,21,n/a
ripencc,95.130.8.0,21,n/a
ripencc,95.130.152.0,21,fr.diatem-sxb;DIATEM SARL
ripencc,95.131.16.0,21,n/a
ripencc,95.131.136.0,21,n/a
ripencc,95.131.240.0,21,fr.memonet;MEMONET SAS
ripencc,95.136.128.0,17,n/a
ripencc,95.140.0.0,20,n/a
ripencc,95.141.96.0,20,n/a
ripencc,95.141.112.0,20,n/a
ripencc,95.142.160.0,20,n/a
ripencc,95.143.64.0,20,fr.jaguar;Jaguar Network SAS
ripencc,95.157.128.0,18,fr.armorconnectic;ARMOR CONNECTIC SAS
ripencc,95.157.192.0,18,n/a
ripencc,95.168.0.0,19,n/a
ripencc,95.170.0.0,21,fr.budgetelecom;MINT
ripencc,95.170.8.0,22,n/a
ripencc,95.170.12.0,22,fr.budgetelecom;MINT
ripencc,95.170.16.0,20,fr.budgetelecom;MINT
ripencc,95.170.32.0,19,fr.nordnet;NordNet SA
ripencc,95.171.128.0,19,n/a
ripencc,95.174.72.0,21,fr.aie;Altitude Infrastructure Exploitation SAS
ripencc,95.174.160.0,19,n/a
ripencc,95.175.160.0,19,n/a
ripencc,95.176.0.0,17,fr.herault-telecom;Herault Telecom
ripencc,95.178.88.0,22,fr.jaguar;Jaguar Network SAS
ripencc,95.178.108.0,22,fr.avelia1;Avelia SAS
ripencc,95.181.220.0,22,fr.numergy;Numergy SAS
ripencc,95.214.32.0,22,n/a
ripencc,95.214.44.0,22,n/a
ripencc,95.214.196.0,22,n/a
ripencc,95.215.10.0,24,fr.coronis;Groupe Tenor SAS
ripencc,103.58.8.0,22,n/a
ripencc,103.73.172.0,22,n/a
ripencc,103.77.32.0,22,fr.adista-o23;ADISTA SAS
ripencc,103.229.36.0,22,fr.adista-o23;ADISTA SAS
ripencc,103.232.172.0,22,fr.adista-o23;ADISTA SAS
ripencc,109.0.0.0,11,n/a
ripencc,109.69.184.0,21,n/a
ripencc,109.69.192.0,21,fr.fingerprint;Adista Fingerprint SASAU
ripencc,109.70.16.0,21,n/a
ripencc,109.70.168.0,21,fr.novso;Novso SARL
ripencc,109.71.128.0,21,n/a
ripencc,109.71.136.0,21,n/a
ripencc,109.73.136.0,22,fr.infodesca;INFODESCA SARL
ripencc,109.74.80.0,20,fr.axione;AXIONE S.A.S.
ripencc,109.106.24.0,22,fr.telli;TELLI SAS
ripencc,109.106.64.0,19,fr.nordnet;NordNet SA
ripencc,109.190.0.0,16,n/a
ripencc,109.203.64.0,19,n/a
ripencc,109.205.0.0,21,n/a
ripencc,109.205.64.0,21,fr.normhost;NORMHOST SAS
ripencc,109.206.228.0,22,fr.repinfo;REPINFO SARL
ripencc,109.208.0.0,12,fr.telecom;Orange S.A.
ripencc,109.232.96.0,21,fr.adviseo;NETWORTH TELECOM SA
ripencc,109.232.192.0,21,n/a
ripencc,109.232.232.0,21,n/a
ripencc,109.234.0.0,21,n/a
ripencc,109.234.73.0,24,n/a
ripencc,109.234.160.0,21,n/a
ripencc,109.235.80.0,21,fr.uem-metz;UEM de METZ
ripencc,109.235.232.0,21,n/a
ripencc,109.236.192.0,20,fr.quanthouse;IRESS SASAU
ripencc,109.237.240.0,20,fr.rmi;ADISTA SAS
ripencc,109.238.0.0,20,fr.ikoula;Ikoula Net SAS
ripencc,109.239.112.0,20,n/a
ripencc,109.239.144.0,20,fr.nitroserv;ASCANIO SASAU
ripencc,128.78.0.0,15,fr.bouygtel;Bouygues Telecom SA
ripencc,128.127.16.0,21,n/a
ripencc,128.127.128.0,20,fr.rmi;ADISTA SAS
ripencc,128.140.128.0,20,n/a
ripencc,128.140.144.0,21,fr.ipdi;IP Directions SAS
ripencc,128.204.208.0,21,fr.ecritel;Ecritel SASU
ripencc,128.204.224.0,20,n/a
ripencc,130.0.88.0,22,n/a
ripencc,130.0.96.0,19,fr.armorconnectic;ARMOR CONNECTIC SAS
ripencc,130.0.192.0,21,fr.ecritel;Ecritel SASU
ripencc,130.93.0.0,17,fr.initsys;INIT SYS SAS
ripencc,130.93.128.0,18,fr.initsys;INIT SYS SAS
ripencc,130.180.208.0,20,fr.jaguar;Jaguar Network SAS
ripencc,130.185.168.0,21,fr.infosat;WEACCESS GROUP S.A.
ripencc,130.185.184.0,21,n/a
ripencc,130.193.24.0,21,n/a
ripencc,130.193.72.0,24,n/a
ripencc,131.117.200.0,21,fr.avir;NOVELCOM SARL
ripencc,134.90.136.0,21,fr.cfi;XEFI LYON SAS
ripencc,135.125.0.0,16,n/a
ripencc,137.74.0.0,16,n/a
ripencc,139.28.68.0,22,n/a
ripencc,139.28.248.0,22,n/a
ripencc,141.0.184.0,21,fr.ddo;DDO ORGANISATION SARL
ripencc,141.0.200.0,21,fr.fullsave;FULLSAVE SAS
ripencc,141.11.0.0,16,fr.tch;VANTIVA SA
ripencc,141.94.0.0,15,n/a
ripencc,141.98.120.0,22,n/a
ripencc,141.98.172.0,22,n/a
ripencc,141.98.220.0,22,n/a
ripencc,141.101.48.0,21,n/a
ripencc,141.101.56.0,21,fr.pulsation;Oceanet Technology SAS
ripencc,141.105.72.0,21,fr.freecomsas;ACTIVIUM INFORMATION DESIGN SAS
ripencc,141.138.88.0,21,fr.bedrock;Bedrock SAS
ripencc,141.138.152.0,21,fr.euskill;Euskill SAS
ripencc,141.170.216.0,21,n/a
ripencc,141.255.128.0,21,fr.jaguar;Jaguar Network SAS
ripencc,141.255.136.0,21,n/a
ripencc,141.255.144.0,20,n/a
ripencc,142.44.32.0,19,n/a
ripencc,145.239.0.0,16,n/a
ripencc,146.0.24.0,21,fr.l33;L33 NETWORKS SARL
ripencc,146.0.64.0,21,fr.dailymotion;Dailymotion S.A.
ripencc,146.0.88.0,21,fr.trustinfo;TRUST INFO s.a.r.l.
ripencc,146.19.18.0,24,n/a
ripencc,146.19.168.0,24,n/a
ripencc,146.66.144.0,21,n/a
ripencc,146.183.0.0,16,n/a
ripencc,146.185.40.0,21,n/a
ripencc,146.247.88.0,21,fr.fingerprint;Adista Fingerprint SASAU
ripencc,146.255.168.0,21,fr.webaxys-noc;WEBAXYS SAS
ripencc,147.78.36.0,22,n/a
ripencc,147.78.40.0,22,fr.tubeo;Communaute de Communes du Pays de Bitche
ripencc,147.78.144.0,22,fr.geneanet;Geneanet SAS
ripencc,147.78.164.0,22,fr.ornethd;ORNE THD SPL
ripencc,147.78.172.0,22,fr.opteamip;OPTEAM'IP SASU
ripencc,147.135.128.0,17,n/a
ripencc,149.3.160.0,22,fr.infomil-landes;Infomil S.A.S.
ripencc,149.62.152.0,21,n/a
ripencc,149.154.80.0,21,n/a
ripencc,149.202.0.0,16,n/a
ripencc,149.232.176.0,21,n/a
ripencc,149.255.136.0,21,fr.rmi;ADISTA SAS
ripencc,152.89.96.0,22,fr.netensia;Netensia SARL
ripencc,152.89.112.0,22,n/a
ripencc,152.89.140.0,22,n/a
ripencc,152.89.148.0,22,fr.cyber-test;CYBER TEST SYSTEMS SAS
ripencc,152.89.172.0,22,n/a
ripencc,152.89.188.0,22,n/a
ripencc,152.228.128.0,17,n/a
ripencc,157.97.136.0,21,fr.antemeta;ANTEMETA SAS
ripencc,158.58.176.0,21,n/a
ripencc,158.255.64.0,21,n/a
ripencc,158.255.96.0,19,n/a
ripencc,159.20.8.0,21,n/a
ripencc,159.180.224.0,19,n/a
ripencc,160.231.64.0,18,n/a
ripencc,160.238.52.0,22,n/a
ripencc,163.5.0.0,16,n/a
ripencc,163.114.159.0,24,n/a
ripencc,164.138.56.0,21,fr.wanagain;Wan Again SARL
ripencc,164.138.240.0,21,fr.cheops-fr;CHEOPS TECHNOLOGY FRANCE S.A.
ripencc,164.177.0.0,17,fr.bouygtel;Bouygues Telecom SA
ripencc,171.22.0.0,22,n/a
ripencc,171.22.144.0,24,n/a
ripencc,171.22.146.0,23,n/a
ripencc,171.22.156.0,22,n/a
ripencc,171.33.64.0,18,n/a
ripencc,171.33.152.0,21,n/a
ripencc,172.246.0.0,16,n/a
ripencc,176.31.0.0,16,n/a
ripencc,176.52.184.0,21,n/a
ripencc,176.52.224.0,20,fr.armorconnectic;ARMOR CONNECTIC SAS
ripencc,176.53.128.0,22,fr.openip;Destiny France Partenaires SAS
ripencc,176.57.32.0,21,n/a
ripencc,176.57.80.0,21,n/a
ripencc,176.57.240.0,21,n/a
ripencc,176.67.88.0,21,fr.intercloud;SAS INTERCLOUD
ripencc,176.67.128.0,19,fr.aznet;AZNET s.a.r.l.
ripencc,176.74.32.0,21,fr.add-on-telecom;ADD-ON MULTIMEDIA SAS
ripencc,176.97.207.0,24,fr.serinya3;SERINYA TELECOM SASU
ripencc,176.100.45.0,24,fr.nexloop;Nexloop France SAS
ripencc,176.105.247.0,24,n/a
ripencc,176.111.56.0,24,fr.owentis;OWENTIS SAS
ripencc,176.116.26.0,24,fr.hexanet5;HEXANET SAS
ripencc,176.118.172.0,22,fr.voiptelecom;VOIP TELECOM SAS
ripencc,176.119.222.0,24,fr.storapp;StorApp SAS
ripencc,176.123.63.0,24,n/a
ripencc,176.124.40.0,22,fr.mojiservices;NOIR GROUP SARL
ripencc,176.124.115.0,24,fr.nateis;NATEIS EURL
ripencc,176.125.224.0,22,n/a
ripencc,176.128.0.0,10,fr.bouygtel;Bouygues Telecom SA
ripencc,176.222.208.0,21,fr.adviseo;NETWORTH TELECOM SA
ripencc,176.241.120.0,21,fr.jaguar;Jaguar Network SAS
ripencc,176.241.248.0,21,fr.transatel;TRANSATEL SAS
ripencc,177.222.64.0,19,n/a
ripencc,178.16.160.0,20,n/a
ripencc,178.16.240.0,20,n/a
ripencc,178.17.220.0,22,fr.talsion-network-2;TALSION SASU
ripencc,178.18.48.0,20,n/a
ripencc,178.18.176.0,20,n/a
ripencc,178.19.0.0,20,n/a
ripencc,178.19.128.0,20,fr.kosc;Covage Infra SASU
ripencc,178.20.48.0,21,n/a
ripencc,178.20.64.0,21,n/a
ripencc,178.20.240.0,21,fr.rges;REGIE GAZ ELECTRICITE DE SALLANCHES EPIC
ripencc,178.21.176.0,21,n/a
ripencc,178.21.208.0,21,fr.si;VeriFone Systems France SAS
ripencc,178.22.0.0,21,n/a
ripencc,178.22.128.0,21,n/a
ripencc,178.22.144.0,21,fr.kosc;Covage Infra SASU
ripencc,178.22.152.0,21,n/a
ripencc,178.22.176.0,21,n/a
ripencc,178.22.240.0,21,fr.sps;KINDRED FRANCE SAS
ripencc,178.23.32.0,21,fr.trinaps;TRINAPS SAS
ripencc,178.23.152.0,21,n/a
ripencc,178.32.0.0,15,n/a
ripencc,178.73.128.0,18,fr.nordnet;NordNet SA
ripencc,178.132.16.0,20,n/a
ripencc,178.157.16.0,20,n/a
ripencc,178.157.32.0,20,n/a
ripencc,178.170.0.0,17,fr.ikoula;Ikoula Net SAS
ripencc,178.208.0.0,19,fr.leonix;ALWAYS ON SAS
ripencc,178.212.74.0,24,n/a
ripencc,178.212.228.0,24,n/a
ripencc,178.216.246.0,24,n/a
ripencc,178.217.94.0,24,fr.keynit;KEYNIT SAS
ripencc,178.217.95.0,24,n/a
ripencc,178.237.96.0,20,n/a
ripencc,178.238.4.0,22,n/a
ripencc,178.248.184.0,21,n/a
ripencc,178.248.192.0,21,n/a
ripencc,178.248.208.0,21,fr.mediactive;MEDIACTIVE SAS
ripencc,178.249.160.0,21,fr.rmi;ADISTA SAS
ripencc,178.250.0.0,21,n/a
ripencc,178.250.104.0,21,fr.odena;ODENA SASU
ripencc,178.250.208.0,21,fr.knet;K-NET SARL
ripencc,178.251.20.0,22,n/a
ripencc,178.251.80.0,21,n/a
ripencc,178.251.200.0,21,n/a
ripencc,178.251.248.0,21,fr.mediactive;MEDIACTIVE SAS
ripencc,178.255.96.0,21,fr.hexatom;HEXATOM s.a.r.l.
ripencc,178.255.128.0,21,fr.bcs-technologies;APX Integration SASU
ripencc,178.255.160.0,21,n/a
ripencc,178.255.208.0,21,n/a
ripencc,180.149.196.0,22,n/a
ripencc,185.2.252.0,22,fr.hexanet1;HEXANET SAS
ripencc,185.3.24.0,22,fr.equinix;Equinix France SAS
ripencc,185.3.64.0,22,n/a
ripencc,185.3.128.0,22,n/a
ripencc,185.3.168.0,22,n/a
ripencc,185.3.196.0,22,n/a
ripencc,185.4.20.0,22,n/a
ripencc,185.4.44.0,22,fr.nbssystem;No Blue Screen System SAS
ripencc,185.4.60.0,23,fr.jaguar;Jaguar Network SAS
ripencc,185.4.62.0,24,fr.jaguar;Jaguar Network SAS
ripencc,185.4.63.0,24,fr.ipgarde;IPGarde SAS
ripencc,185.4.76.0,22,fr.knet;K-NET SARL
ripencc,185.4.248.0,22,n/a
ripencc,185.5.108.0,22,n/a
ripencc,185.5.212.0,22,n/a
ripencc,185.6.60.0,22,n/a
ripencc,185.6.92.0,22,n/a
ripencc,185.6.140.0,22,n/a
ripencc,185.6.208.0,22,n/a
ripencc,185.6.212.0,22,fr.kosc;Covage Infra SASU
ripencc,185.7.4.0,22,fr.pertineo;Pertineo SAS
ripencc,185.7.12.0,22,n/a
ripencc,185.7.36.0,22,n/a
ripencc,185.7.64.0,22,n/a
ripencc,185.7.72.0,22,n/a
ripencc,185.7.108.0,22,n/a
ripencc,185.7.160.0,22,n/a
ripencc,185.7.240.0,22,fr.unitead2012;Unitead SARL
ripencc,185.8.28.0,22,n/a
ripencc,185.8.48.0,22,fr.arubasas;Aruba SAS
ripencc,185.8.52.0,22,n/a
ripencc,185.8.64.0,22,n/a
ripencc,185.8.76.0,22,n/a
ripencc,185.8.96.0,22,n/a
ripencc,185.8.144.0,22,n/a
ripencc,185.8.252.0,22,n/a
ripencc,185.9.20.0,22,n/a
ripencc,185.9.96.0,22,fr.nordnet;NordNet SA
ripencc,185.9.152.0,22,fr.gl-events;GL EVENTS SI SNC
ripencc,185.9.248.0,22,fr.initsys;INIT SYS SAS
ripencc,185.10.16.0,22,fr.virtuasys;VIRTUA SYSTEMS SAS
ripencc,185.10.176.0,22,fr.pulsation;Oceanet Technology SAS
ripencc,185.10.252.0,22,n/a
ripencc,185.11.160.0,22,fr.webaxys-noc;WEBAXYS SAS
ripencc,185.11.188.0,22,fr.netxp;Almond SAS
ripencc,185.11.216.0,22,fr.hsys;Association Neutral Network Lab
ripencc,185.12.0.0,22,fr.initsys;INIT SYS SAS
ripencc,185.12.32.0,22,n/a
ripencc,185.12.36.0,22,fr.confrerie;Chouette Group SASU
ripencc,185.12.48.0,22,n/a
ripencc,185.12.96.0,22,fr.openip;Destiny France Partenaires SAS
ripencc,185.12.176.0,22,fr.arubasas;Aruba SAS
ripencc,185.13.36.0,22,n/a
ripencc,185.13.64.0,22,n/a
ripencc,185.13.86.0,24,n/a
ripencc,185.13.100.0,22,n/a
ripencc,185.13.180.0,22,n/a
ripencc,185.13.212.0,22,n/a
ripencc,185.14.0.0,22,n/a
ripencc,185.14.104.0,22,fr.mediactive;MEDIACTIVE SAS
ripencc,185.14.120.0,22,n/a
ripencc,185.14.128.0,22,fr.cosium;Cosium sarl
ripencc,185.14.176.0,22,fr.celya;CELYA SAS
ripencc,185.14.180.0,22,n/a
ripencc,185.14.228.0,22,n/a
ripencc,185.14.244.0,22,fr.ivalua;IVALUA SAS
ripencc,185.15.16.0,22,fr.sungard;SunGard Availability Services France SA
ripencc,185.15.24.0,22,fr.nxtofrance;NXO France SAS
ripencc,185.15.32.0,22,fr.skylogic;Skylogic France S.A.S.
ripencc,185.15.48.0,22,n/a
ripencc,185.15.52.0,22,n/a
ripencc,185.15.68.0,22,n/a
ripencc,185.15.128.0,22,n/a
ripencc,185.15.140.0,22,fr.jaguar;Jaguar Network SAS
ripencc,185.16.44.0,22,fr.planet-service;Planet Service SARL
ripencc,185.16.48.0,22,fr.projet3;Linkt SAS
ripencc,185.16.83.0,24,fr.kering;Kering SA
ripencc,185.16.110.0,24,fr.bjtpartners;BJT PARTNERS SAS
ripencc,185.16.220.0,22,fr.netalis;Netalis SAS
ripencc,185.16.252.0,22,n/a
ripencc,185.17.56.0,22,fr.geofnet;GEOFNET SAS
ripencc,185.17.240.0,22,n/a
ripencc,185.17.248.0,22,fr.yadle;Yadle S.A.S.
ripencc,185.18.80.0,22,n/a
ripencc,185.18.96.0,22,n/a
ripencc,185.18.168.0,22,fr.oelis;OELIS SARL
ripencc,185.18.208.0,22,fr.pacwan;CELESTE SAS
ripencc,185.19.48.0,22,n/a
ripencc,185.19.136.0,22,n/a
ripencc,185.19.160.0,22,fr.imt;IMA PROTECT SAS
ripencc,185.19.224.0,22,fr.ipexia;IPEXIA SAS
ripencc,185.19.240.0,22,n/a
ripencc,185.20.8.0,22,fr.legos;Societe Legos-Local Exchange Global Operation Services SAS
ripencc,185.20.16.0,22,n/a
ripencc,185.20.40.0,22,n/a
ripencc,185.20.84.0,22,fr.nfrance;NFrance Conseil
ripencc,185.21.80.0,22,n/a
ripencc,185.21.104.0,22,fr.infosat;WEACCESS GROUP S.A.
ripencc,185.21.112.0,22,fr.neocom;Graal Network S.a.R.L.
ripencc,185.21.130.0,24,n/a
ripencc,185.21.152.0,22,n/a
ripencc,185.21.192.0,22,n/a
ripencc,185.22.48.0,22,fr.eyes-telecom;SARL EYES TELECOM
ripencc,185.22.116.0,22,n/a
ripencc,185.22.128.0,22,n/a
ripencc,185.22.168.0,22,n/a
ripencc,185.22.196.0,22,fr.nexto;FIDUCIAL CLOUD SASU
ripencc,185.22.216.0,22,fr.axelcom;PARITEL OPERATEUR SAS
ripencc,185.23.40.0,22,fr.scttelecom;SOCIETE COMMERCIALE DE TELECOMMUNICATION SCT SAS
ripencc,185.23.79.0,24,fr.calltech;CALLTECH SASU
ripencc,185.23.92.0,22,fr.cloudwatt;Orange Business Services SA
ripencc,185.23.96.0,22,n/a
ripencc,185.23.132.0,22,n/a
ripencc,185.23.136.0,23,fr.andrexen;AMPLEMENT SAS
ripencc,185.23.138.0,23,fr.oneoperateur2;One Operateur SAS
ripencc,185.23.188.0,22,fr.serortech;SEROR TECHNOLOGIES SASU
ripencc,185.24.16.0,22,n/a
ripencc,185.24.28.0,22,fr.itsvision;ITSVision S.A.R.L.
ripencc,185.24.140.0,22,n/a
ripencc,185.24.144.0,22,n/a
ripencc,185.24.152.0,22,fr.cpro-telecom;KOESIO Networks SASU
ripencc,185.24.156.0,22,n/a
ripencc,185.24.184.0,22,fr.scn-rie;LA DIRECTION INTERMINISTERIELLE DU NUMERIQUE
ripencc,185.24.192.0,22,fr.klesia75;Association de moyens klesia
ripencc,185.25.40.0,22,fr.novso;Novso SARL
ripencc,185.26.88.0,22,n/a
ripencc,185.26.104.0,22,fr.netim;NETIM SARL
ripencc,185.26.124.0,22,n/a
ripencc,185.26.220.0,22,fr.multidist;MULTIDIST SARL
ripencc,185.26.248.0,22,n/a
ripencc,185.27.76.0,22,n/a
ripencc,185.27.224.0,22,fr.kalyst;KINCY SAS
ripencc,185.28.28.0,22,fr.ibrowse;iBrowse SARL
ripencc,185.28.40.0,22,n/a
ripencc,185.28.232.0,22,n/a
ripencc,185.29.32.0,22,fr.aie;Altitude Infrastructure Exploitation SAS
ripencc,185.29.36.0,22,n/a
ripencc,185.29.40.0,22,n/a
ripencc,185.29.64.0,22,n/a
ripencc,185.29.148.0,22,fr.itinsellcloud;ITINSELL CLOUD SAS
ripencc,185.29.180.0,22,fr.clbr;Xelya SAS
ripencc,185.29.232.0,22,n/a
ripencc,185.29.244.0,22,fr.iniflux;bi. SAS
ripencc,185.30.28.0,22,fr.dfleuriot;Damien Fleuriot
ripencc,185.30.48.0,22,n/a
ripencc,185.30.92.0,22,fr.nolimitnetwork;B2 Network SARL
ripencc,185.30.128.0,22,fr.akinea;AKINEA INTERNET SARL
ripencc,185.30.132.0,22,fr.rte-france;RTE Reseau de transport d'electricite S.A.
ripencc,185.30.208.0,22,n/a
ripencc,185.30.216.0,22,fr.etheractis;Etheractis SASU
ripencc,185.31.0.0,22,fr.alfainfo;CEGI Alfa
ripencc,185.31.40.0,22,n/a
ripencc,185.31.148.0,22,fr.eurafibre;Eurafibre SAS
ripencc,185.32.96.0,22,n/a
ripencc,185.32.100.0,22,fr.mediactive;MEDIACTIVE SAS
ripencc,185.32.208.0,22,n/a
ripencc,185.32.216.0,22,n/a
ripencc,185.33.12.0,22,fr.eveagroup;Easyteam SASAU
ripencc,185.33.26.0,24,n/a
ripencc,185.33.27.0,24,fr.gazagnaire;Thomas Gazagnaire
ripencc,185.33.40.0,22,n/a
ripencc,185.33.88.0,22,fr.cpro-telecom;KOESIO Networks SASU
ripencc,185.33.212.0,22,fr.manutan;Manutan International S.A.
ripencc,185.34.32.0,22,n/a
ripencc,185.34.140.0,22,fr.beyscloud;BE YS Cloud France SASU
ripencc,185.35.204.0,22,fr.intvip;Interveille Global SAS
ripencc,185.36.12.0,22,fr.believe;BELIEVE SAS
ripencc,185.36.64.0,22,n/a
ripencc,185.36.216.0,22,fr.winamax;Winamax SAS
ripencc,185.37.11.0,24,fr.strongbluetelecom;Strong Blue Conseil & Telecom SASU
ripencc,185.37.28.0,22,fr.ras;RESEAUX ADMINISTRATION SERVICES SARL
ripencc,185.37.40.0,22,n/a
ripencc,185.37.156.0,22,fr.rsi;REGIONAL SYSTEME INFORMATIQUE SARL
ripencc,185.37.220.0,22,fr.arkadin-sas;NTT CLOUD COMMUNICATIONS SAS
ripencc,185.38.20.0,22,n/a
ripencc,185.38.92.0,22,n/a
ripencc,185.38.196.0,22,fr.dfleuriot;Damien Fleuriot
ripencc,185.39.76.0,24,fr.apixit;APIXIT SAS
ripencc,185.39.140.0,22,n/a
ripencc,185.39.156.0,22,n/a
ripencc,185.39.168.0,22,fr.eurafibre;Eurafibre SAS
ripencc,185.39.216.0,22,fr.numergy;Numergy SAS
ripencc,185.40.100.0,22,n/a
ripencc,185.40.141.0,24,n/a
ripencc,185.40.142.0,23,n/a
ripencc,185.40.224.0,22,n/a
ripencc,185.41.4.0,22,n/a
ripencc,185.41.28.0,22,n/a
ripencc,185.41.152.0,22,n/a
ripencc,185.41.180.0,22,fr.phibee;Phibee Telecom SAS
ripencc,185.42.28.0,22,n/a
ripencc,185.42.100.0,22,fr.axianssolstis;SOLSTIS SAS
ripencc,185.42.112.0,22,fr.ornethd;ORNE THD SPL
ripencc,185.42.116.0,22,fr.magic1;SQUARK SARL
ripencc,185.42.132.0,22,fr.rmi;ADISTA SAS
ripencc,185.42.176.0,22,n/a
ripencc,185.42.188.0,22,fr.adp;ADP GSI FRANCE SAS
ripencc,185.42.232.0,22,fr.thales;Thales DIS France SAS
ripencc,185.43.28.0,24,n/a
ripencc,185.43.36.0,22,n/a
ripencc,185.43.44.0,22,fr.kalanda;JAUBERT CHRISTIAN trading as KALANDA
ripencc,185.43.60.0,22,fr.sigma;SIGMA INFORMATIQUE SAS
ripencc,185.43.68.0,22,n/a
ripencc,185.43.240.0,22,fr.anilis;Anil Information Systems SARL
ripencc,185.44.40.0,22,fr.network-comm;Axinet Communication sarl
ripencc,185.44.44.0,22,fr.utb;Union Technique du Batiment Societe cooperative a forme anonyme a capital variable
ripencc,185.44.88.0,22,fr.jaguar;Jaguar Network SAS
ripencc,185.45.32.0,22,fr.knet;K-NET SARL
ripencc,185.45.172.0,22,fr.tier-one-sarl;TIER ONE SARL
ripencc,185.45.180.0,22,fr.vente-privee;VENTE-PRIVEE.COM SA
ripencc,185.45.228.0,22,n/a
ripencc,185.45.252.0,23,fr.heberg24;HEBERG-24 SAS
ripencc,185.45.254.0,23,fr.xpotransport;XPO Transport Solutions IT Europe SNC
ripencc,185.46.164.0,23,fr.e-cgpn;CGPN Sarl
ripencc,185.46.228.0,22,fr.nexylan;SAS Nexylan
ripencc,185.47.80.0,22,n/a
ripencc,185.47.240.0,22,fr.pulsation;Oceanet Technology SAS
ripencc,185.48.44.0,22,n/a
ripencc,185.48.48.0,22,fr.openip;Destiny France Partenaires SAS
ripencc,185.48.132.0,22,fr.vedegenet;Vedege SAS
ripencc,185.48.200.0,22,fr.itfinanceripe;IT-Finance SARL
ripencc,185.48.252.0,22,n/a
ripencc,185.49.20.0,22,fr.ineonet;INEONET SAS
ripencc,185.49.208.0,22,fr.inse;GROUPE PSIH SAS
ripencc,185.49.230.0,24,n/a
ripencc,185.50.32.0,22,fr.ornethd;ORNE THD SPL
ripencc,185.50.52.0,22,fr.accessglobal;Access Global Security SARL
ripencc,185.50.64.0,22,n/a
ripencc,185.50.72.0,22,n/a
ripencc,185.50.76.0,22,fr.openip;Destiny France Partenaires SAS
ripencc,185.50.112.0,22,n/a
ripencc,185.50.128.0,22,fr.bdesmare;Blue Infra SAS
ripencc,185.50.252.0,22,fr.plbvb2;Niji S.A.
ripencc,185.51.176.0,22,fr.reseauconcept;Reseau Concept SARL
ripencc,185.51.216.0,22,n/a
ripencc,185.52.32.0,22,n/a
ripencc,185.52.44.0,22,n/a
ripencc,185.52.84.0,22,fr.synelyans;Synelyans SASU
ripencc,185.52.124.0,22,fr.rdi;SPIE ICS SASU
ripencc,185.53.24.0,22,fr.newtech;NEWTECH INTERACTIVE SA
ripencc,185.53.80.0,22,fr.jaguar;Jaguar Network SAS
ripencc,185.53.136.0,22,fr.mdc;Musee des Confluences EPCC
ripencc,185.53.184.0,22,fr.syntis;SYNTIS SARL
ripencc,185.54.8.0,22,n/a
ripencc,185.54.36.0,22,fr.normhost;NORMHOST SAS
ripencc,185.55.16.0,22,n/a
ripencc,185.55.96.0,22,fr.cfi;XEFI LYON SAS
ripencc,185.55.144.0,22,fr.diatem-sxb;DIATEM SARL
ripencc,185.55.164.0,22,n/a
ripencc,185.55.244.0,22,n/a
ripencc,185.56.48.0,22,fr.gva;Group Vivendi Africa SAS
ripencc,185.56.152.0,22,fr.acorus;F5 Networks SARL
ripencc,185.56.160.0,22,fr.webfacile;Web Facile SASU
ripencc,185.56.176.0,22,fr.vedegenet;Vedege SAS
ripencc,185.56.204.0,22,n/a
ripencc,185.56.240.0,22,n/a
ripencc,185.57.12.0,22,n/a
ripencc,185.57.52.0,22,n/a
ripencc,185.57.124.0,22,n/a
ripencc,185.57.148.0,22,n/a
ripencc,185.57.220.0,22,fr.flexnetwork;FLEX NETWORK SARL
ripencc,185.58.8.0,22,n/a
ripencc,185.58.184.0,22,n/a
ripencc,185.58.228.0,22,n/a
ripencc,185.59.8.0,22,n/a
ripencc,185.59.40.0,22,fr.dvmr-mnt;DVMR SARL
ripencc,185.60.8.0,22,fr.aeroportsdelyon;SA AEROPORTS DE LYON
ripencc,185.60.24.0,22,n/a
ripencc,185.60.92.0,22,n/a
ripencc,185.60.108.0,22,fr.alyseo;ALYSEO SARL
ripencc,185.60.148.0,22,fr.agora;AGORA CALYCE SpAS
ripencc,185.60.164.0,22,n/a
ripencc,185.60.176.0,22,fr.iectelecomgroup;IEC TELECOM Global SAS
ripencc,185.61.116.0,22,fr.prosoluce;PROSOLUCE SAS
ripencc,185.61.144.0,22,n/a
ripencc,185.61.160.0,22,n/a
ripencc,185.61.176.0,22,fr.vasolutions;VA SOLUTIONS SARL
ripencc,185.61.184.0,22,fr.jaguar;Jaguar Network SAS
ripencc,185.61.188.0,22,fr.jaguar;Jaguar Network SAS
ripencc,185.62.40.0,22,n/a
ripencc,185.62.184.0,22,fr.jaguar;Jaguar Network SAS
ripencc,185.62.220.0,22,fr.seres;SERES SA
ripencc,185.62.224.0,22,fr.novatim;Mati Lan SAS
ripencc,185.62.228.0,22,n/a
ripencc,185.63.48.0,22,fr.hexanet1;HEXANET SAS
ripencc,185.63.92.0,22,fr.bjtpartners;BJT PARTNERS SAS
ripencc,185.63.172.0,22,fr.titandc;Titan DataCenters France SAS
ripencc,185.63.192.0,22,fr.obs-olm;Orange Business Services SA
ripencc,185.64.128.0,22,fr.systemnet;System-Net Sas
ripencc,185.64.148.0,22,n/a
ripencc,185.65.28.0,22,n/a
ripencc,185.65.32.0,22,fr.otcexgroup;OTCEX SA
ripencc,185.65.56.0,22,n/a
ripencc,185.65.79.0,24,n/a
ripencc,185.65.80.0,22,fr.businessgeo;Ciril Group SAS
ripencc,185.65.96.0,22,fr.edd;Aday SA
ripencc,185.65.112.0,22,n/a
ripencc,185.65.141.0,24,n/a
ripencc,185.65.224.0,22,fr.rmi;ADISTA SAS
ripencc,185.65.248.0,22,n/a
ripencc,185.66.100.0,22,fr.knet;K-NET SARL
ripencc,185.66.152.0,22,n/a
ripencc,185.66.232.0,22,n/a
ripencc,185.67.72.0,22,n/a
ripencc,185.67.88.0,22,fr.rmi;ADISTA SAS
ripencc,185.67.144.0,22,n/a
ripencc,185.67.148.0,22,n/a
ripencc,185.67.152.0,22,fr.cts;CTS Computers and Telecommunications Systems SAS
ripencc,185.68.148.0,22,n/a
ripencc,185.68.224.0,22,fr.jrcg;JRCG INVEST SARL
ripencc,185.68.228.0,22,n/a
ripencc,185.69.3.0,24,fr.wshop;WSHOP SASU
ripencc,185.69.76.0,22,n/a
ripencc,185.69.228.0,22,n/a
ripencc,185.69.248.0,22,fr.safeo;SAFEO SAS
ripencc,185.70.176.0,22,fr.deveryware;DEVERYWARE S.A.
ripencc,185.71.148.0,22,n/a
ripencc,185.71.188.0,22,fr.comuto;Comuto SA
ripencc,185.71.224.0,22,fr.kalanda;JAUBERT CHRISTIAN trading as KALANDA
ripencc,185.72.4.0,22,fr.nnt;MCT SARL
ripencc,185.72.88.0,22,fr.invivo;Union Invivo Union de Cooperatives Agricoles a Capital Variable
ripencc,185.72.248.0,22,fr.nordnet;NordNet SA
ripencc,185.73.52.0,22,n/a
ripencc,185.73.204.0,22,n/a
ripencc,185.73.225.0,24,n/a
ripencc,185.73.232.0,22,fr.knet;K-NET SARL
ripencc,185.73.252.0,22,fr.interpol;Interpol
ripencc,185.74.8.0,22,fr.aznetworkalencon;AZNETWORK SAS
ripencc,185.74.40.0,22,n/a
ripencc,185.74.52.0,22,fr.vedegenet;Vedege SAS
ripencc,185.74.96.0,22,fr.viaxoft;Viaxoft SAS
ripencc,185.74.200.0,22,n/a
ripencc,185.75.68.0,22,n/a
ripencc,185.75.124.0,22,fr.lv;MOET HENNESSY SNC
ripencc,185.75.140.0,22,n/a
ripencc,185.76.0.0,22,n/a
ripencc,185.76.20.0,22,fr.thecallr;TCLR SAS
ripencc,185.76.24.0,22,fr.ldlc;GROUPE LDLC SA
ripencc,185.76.112.0,22,n/a
ripencc,185.76.120.0,22,fr.onx;ON-X GROUPE SA
ripencc,185.76.192.0,22,n/a
ripencc,185.76.216.0,22,n/a
ripencc,185.77.112.0,22,fr.imsd;IMS DYNAMICS SASU
ripencc,185.77.180.0,22,fr.alsatis-services;sas alsatis
ripencc,185.78.80.0,22,n/a
ripencc,185.78.140.0,22,n/a
ripencc,185.78.156.0,22,fr.jaguar;Jaguar Network SAS
ripencc,185.79.148.0,22,fr.fingerprint;Adista Fingerprint SASAU
ripencc,185.79.192.0,22,n/a
ripencc,185.79.220.0,22,n/a
ripencc,185.80.16.0,22,n/a
ripencc,185.80.176.0,22,fr.webaxys-noc;WEBAXYS SAS
ripencc,185.81.44.0,22,n/a
ripencc,185.81.52.0,22,n/a
ripencc,185.81.156.0,22,n/a
ripencc,185.81.200.0,22,fr.cnom;ASS ORDRE NATIONAL DES MEDECINS
ripencc,185.82.148.0,22,n/a
ripencc,185.83.24.0,22,n/a
ripencc,185.83.96.0,22,fr.kalanda;JAUBERT CHRISTIAN trading as KALANDA
ripencc,185.83.188.0,22,fr.meteoconsult;METEOCONSULT SAS
ripencc,185.83.236.0,22,n/a
ripencc,185.84.112.0,22,fr.sab2i;Sopra Banking Software SA
ripencc,185.85.76.0,22,fr.splio;SPLIO
ripencc,185.85.172.0,22,fr.steria-france;SOPRA STERIA GROUP SA
ripencc,185.85.224.0,22,n/a
ripencc,185.85.232.0,22,n/a
ripencc,185.86.48.0,22,fr.sommenumerique;SYNDICAT MIXTE SOMME NUMERIQUE
ripencc,185.86.52.0,22,fr.packetgear;EXPEREO FRANCE SASU
ripencc,185.86.88.0,22,n/a
ripencc,185.86.136.0,22,n/a
ripencc,185.86.168.0,22,fr.antemeta;ANTEMETA SAS
ripencc,185.86.176.0,22,n/a
ripencc,185.86.196.0,22,fr.contentia-france;EOS France SASU
ripencc,185.86.252.0,22,fr.cdncanal;GROUPE CANAL+ S.A.
ripencc,185.87.64.0,22,fr.abtel30;ABTEL SARL
ripencc,185.87.88.0,22,fr.bcs-technologies;APX Integration SASU
ripencc,185.87.92.0,22,fr.consept-services;CONSEPT SERVICES SAS
ripencc,185.87.100.0,22,n/a
ripencc,185.87.228.0,22,n/a
ripencc,185.87.236.0,24,fr.systemnet;System-Net Sas
ripencc,185.88.9.0,24,n/a
ripencc,185.88.104.0,22,n/a
ripencc,185.88.196.0,22,n/a
ripencc,185.89.68.0,22,n/a
ripencc,185.89.128.0,22,fr.kosc;Covage Infra SASU
ripencc,185.89.164.0,22,fr.pichet;Promotion PICHET SAS
ripencc,185.89.168.0,22,fr.optilian;OPTILIAN SARL
ripencc,185.89.208.0,22,n/a
ripencc,185.90.96.0,22,fr.groupe-cyres;GROUPE CYRES SAS
ripencc,185.91.36.0,22,fr.ecritel;Ecritel SASU
ripencc,185.91.88.0,22,n/a
ripencc,185.91.220.0,22,fr.jaguar;Jaguar Network SAS
ripencc,185.91.224.0,22,fr.jaguar;Jaguar Network SAS
ripencc,185.91.232.0,22,n/a
ripencc,185.92.20.0,22,fr.ix;France IX Services SASU
ripencc,185.92.36.0,22,fr.jaguar;Jaguar Network SAS
ripencc,185.93.36.0,22,n/a
ripencc,185.93.128.0,22,fr.alphasquare;Alpha Square SAS
ripencc,185.94.56.0,22,n/a
ripencc,185.94.140.0,22,fr.acorus;F5 Networks SARL
ripencc,185.94.220.0,22,fr.rtvc-stiring;Regie Televideocommunication
ripencc,185.95.8.0,22,fr.arte;ARTE G.E.I.E.
ripencc,185.95.120.0,22,n/a
ripencc,185.96.104.0,22,n/a
ripencc,185.96.156.0,22,n/a
ripencc,185.96.184.0,22,n/a
ripencc,185.97.140.0,22,fr.hopus;HOPUS SAS
ripencc,185.97.184.0,22,fr.bedrock;Bedrock SAS
ripencc,185.97.204.0,22,fr.bayard-info;KOESIO AURA INFORMATIQUE SAS
ripencc,185.98.20.0,22,n/a
ripencc,185.98.64.0,22,fr.ornethd;ORNE THD SPL
ripencc,185.98.116.0,22,n/a
ripencc,185.98.128.0,22,n/a
ripencc,185.98.136.0,22,n/a
ripencc,185.99.112.0,22,n/a
ripencc,185.99.148.0,22,n/a
ripencc,185.99.200.0,22,n/a
ripencc,185.100.4.0,22,fr.phpnet;PHPNET FRANCE SASU
ripencc,185.100.28.0,22,n/a
ripencc,185.100.184.0,22,n/a
ripencc,185.101.28.0,22,n/a
ripencc,185.101.64.0,22,n/a
ripencc,185.101.180.0,22,fr.manifone;Manifone SAS
ripencc,185.101.208.0,22,n/a
ripencc,185.102.80.0,22,n/a
ripencc,185.102.160.0,22,n/a
ripencc,185.102.176.0,22,n/a
ripencc,185.103.64.0,22,fr.intercloud;SAS INTERCLOUD
ripencc,185.103.118.0,24,fr.gamac;GAMAC S.A.R.L.
ripencc,185.103.140.0,22,fr.hexatom;HEXATOM s.a.r.l.
ripencc,185.104.76.0,22,n/a
ripencc,185.104.172.0,22,fr.cfi;XEFI LYON SAS
ripencc,185.105.28.0,22,n/a
ripencc,185.105.68.0,22,n/a
ripencc,185.105.136.0,22,n/a
ripencc,185.105.152.0,22,n/a
ripencc,185.106.12.0,22,n/a
ripencc,185.106.135.0,24,n/a
ripencc,185.106.160.0,22,n/a
ripencc,185.106.216.0,22,n/a
ripencc,185.107.84.0,22,n/a
ripencc,185.107.232.0,22,n/a
ripencc,185.108.32.0,22,n/a
ripencc,185.108.52.0,22,n/a
ripencc,185.108.125.0,24,fr.giesihm;SYSTEMES INFORMATION HARMONIE MUTUELLES SIHM
ripencc,185.108.236.0,22,fr.cloud;CLOUD ADVICE SAS
ripencc,185.109.172.0,22,n/a
ripencc,185.109.200.0,22,fr.knet;K-NET SARL
ripencc,185.109.254.0,24,n/a
ripencc,185.110.84.0,22,fr.lvm;Louis Vuitton Malletier SA
ripencc,185.110.96.0,22,n/a
ripencc,185.110.192.0,22,n/a
ripencc,185.111.16.0,22,fr.digitalmax;DIGITAL MAX SA
ripencc,185.111.44.0,22,fr.unikloud;UNIKLOUD SAS
ripencc,185.111.52.0,22,fr.hisi;Hebergement et Infogerance des Systemes d'informations SAS
ripencc,185.111.56.0,22,fr.hisi;Hebergement et Infogerance des Systemes d'informations SAS
ripencc,185.111.228.0,22,fr.elb;CTS Computers and Telecommunications Systems SAS
ripencc,185.111.236.0,22,fr.devanlay;LACOSTE OPERATIONS S.A.
ripencc,185.112.16.0,22,fr.hisi;Hebergement et Infogerance des Systemes d'informations SAS
ripencc,185.112.228.0,22,n/a
ripencc,185.113.40.0,22,n/a
ripencc,185.113.48.0,22,fr.netalis;Netalis SAS
ripencc,185.113.64.0,22,n/a
ripencc,185.113.160.0,22,n/a
ripencc,185.114.4.0,22,n/a
ripencc,185.114.8.0,22,n/a
ripencc,185.114.100.0,22,fr.jaguar;Jaguar Network SAS
ripencc,185.114.128.0,22,fr.mediactive;MEDIACTIVE SAS
ripencc,185.114.208.0,22,n/a
ripencc,185.115.188.0,22,fr.epexspot2;EPEX SPOT S.E.
ripencc,185.115.204.0,24,n/a
ripencc,185.116.63.0,24,n/a
ripencc,185.116.88.0,22,fr.euskill;Euskill SAS
ripencc,185.116.104.0,22,n/a
ripencc,185.116.128.0,22,fr.fullsave;FULLSAVE SAS
ripencc,185.116.132.0,22,n/a
ripencc,185.116.176.0,22,fr.cloud;CLOUD ADVICE SAS
ripencc,185.117.16.0,22,fr.fullsave;FULLSAVE SAS
ripencc,185.117.56.0,22,fr.infomil;Infomil S.A.S.
ripencc,185.117.60.0,22,fr.decathlon;Decathlon SA
ripencc,185.117.92.0,22,n/a
ripencc,185.118.0.0,22,n/a
ripencc,185.118.16.0,22,fr.alcatraz;ALCATRAZ INFORMATION SECURITY SARL
ripencc,185.118.68.0,22,n/a
ripencc,185.118.92.0,22,fr.trinaps;TRINAPS SAS
ripencc,185.118.116.0,22,fr.omycron;Omycron SAS
ripencc,185.119.24.0,22,fr.mobiyo;Mobiyo SASU
ripencc,185.119.168.0,22,fr.tetaneutralnet;Tetaneutral.net Association declaree
ripencc,185.119.200.0,22,n/a
ripencc,185.119.204.0,22,fr.pmengineering;PM Engineering SARL
ripencc,185.120.112.0,22,fr.infomil;Infomil S.A.S.
ripencc,185.120.176.0,22,fr.initsys;INIT SYS SAS
ripencc,185.121.140.0,22,n/a
ripencc,185.121.164.0,22,fr.avelia1;Avelia SAS
ripencc,185.122.100.0,22,fr.celya;CELYA SAS
ripencc,185.122.160.0,22,fr.initsys;INIT SYS SAS
ripencc,185.123.24.0,22,n/a
ripencc,185.123.72.0,22,fr.vasolutions;VA SOLUTIONS SARL
ripencc,185.123.84.0,22,fr.altinea;Altinea SAS
ripencc,185.124.200.0,22,fr.kalanda;JAUBERT CHRISTIAN trading as KALANDA
ripencc,185.124.216.0,22,n/a
ripencc,185.124.236.0,22,n/a
ripencc,185.125.52.0,22,n/a
ripencc,185.126.33.0,24,fr.xtnetwork;XT NETWORK SARL
ripencc,185.126.228.0,22,n/a
ripencc,185.126.244.0,22,n/a
ripencc,185.127.4.0,22,n/a
ripencc,185.127.80.0,22,n/a
ripencc,185.127.240.0,22,fr.laregie;Regie Intercommunale d'Electricite de Niederbronn Reichshoffen EPIC
ripencc,185.128.64.0,22,fr.cfi;XEFI LYON SAS
ripencc,185.128.140.0,22,n/a
ripencc,185.128.236.0,22,n/a
ripencc,185.129.44.0,22,n/a
ripencc,185.129.164.0,22,n/a
ripencc,185.130.116.0,22,n/a
ripencc,185.131.40.0,22,fr.commingeshd;Comminges Haut Debit
ripencc,185.131.44.0,22,n/a
ripencc,185.131.80.0,22,n/a
ripencc,185.131.192.0,22,n/a
ripencc,185.132.64.0,22,n/a
ripencc,185.132.72.0,22,n/a
ripencc,185.132.100.0,22,fr.darva;DEVELOPPEMENT D'APPLICATIONS SUR RESEAUX A VALEUR AJOUTEE SA
ripencc,185.132.116.0,22,fr.pacwan;CELESTE SAS
ripencc,185.132.232.0,22,fr.ubicentrex;UBICENTREX SARL
ripencc,185.133.52.0,22,fr.netsample;Netsample SARL
ripencc,185.133.80.0,22,n/a
ripencc,185.133.116.0,22,fr.ceriz;CERIZ SASU
ripencc,185.133.128.0,22,fr.initsys;INIT SYS SAS
ripencc,185.134.156.0,22,n/a
ripencc,185.135.124.0,22,n/a
ripencc,185.135.132.0,23,n/a
ripencc,185.135.160.0,22,fr.nettel;nettel sas
ripencc,185.135.176.0,22,n/a
ripencc,185.135.188.0,24,fr.syspertec;SysperTec Communication SAS
ripencc,185.135.216.0,22,n/a
ripencc,185.135.236.0,22,fr.abicom;ABICOM SAS
ripencc,185.136.40.0,22,n/a
ripencc,185.137.72.0,22,fr.initsys;INIT SYS SAS
ripencc,185.137.96.0,24,n/a
ripencc,185.137.167.0,24,fr.soliano;SOLIANO THD SAS
ripencc,185.137.228.0,22,fr.alliancereseaux;Alliance Reseaux SAS
ripencc,185.137.252.0,23,fr.sigma;SIGMA INFORMATIQUE SAS
ripencc,185.137.254.0,23,fr.pulsation;Oceanet Technology SAS
ripencc,185.138.104.0,22,fr.neo-one;EQUADEX SAS
ripencc,185.138.116.0,22,n/a
ripencc,185.138.148.0,22,n/a
ripencc,185.139.20.0,22,n/a
ripencc,185.139.132.0,22,n/a
ripencc,185.139.244.0,22,n/a
ripencc,185.139.248.0,22,n/a
ripencc,185.140.44.0,22,fr.gdc1;AZUR DATACENTER SARL
ripencc,185.140.68.0,22,n/a
ripencc,185.140.128.0,22,fr.neuronnexion;Neuronnexion
ripencc,185.140.136.0,22,n/a
ripencc,185.140.196.0,22,n/a
ripencc,185.140.220.0,22,fr.sarbacane;Sarbacane Software SAS
ripencc,185.141.4.0,22,n/a
ripencc,185.141.128.0,22,fr.viously;VIOUSLY SAS
ripencc,185.142.52.0,22,fr.rackwayfm;RACKWAY FLEET MANAGEMENT SAS
ripencc,185.142.136.0,22,fr.arteone;Artefact SARL
ripencc,185.142.188.0,22,fr.zetelecom;ZE TELECOM SARL
ripencc,185.143.236.0,22,n/a
ripencc,185.143.244.0,22,n/a
ripencc,185.144.12.0,24,n/a
ripencc,185.144.24.0,22,n/a
ripencc,185.144.32.0,22,n/a
ripencc,185.144.44.0,22,fr.knet;K-NET SARL
ripencc,185.144.152.0,22,n/a
ripencc,185.144.192.0,22,n/a
ripencc,185.144.252.0,22,fr.cybertest;CYBER TEST SYSTEMS SAS
ripencc,185.145.32.0,22,n/a
ripencc,185.145.72.0,22,n/a
ripencc,185.145.76.0,22,fr.celya;CELYA SAS
ripencc,185.145.248.0,22,n/a
ripencc,185.146.24.0,22,fr.ouvanet;OUVANET SARL
ripencc,185.146.40.0,22,n/a
ripencc,185.146.76.0,22,n/a
ripencc,185.146.220.0,22,fr.jaguar;Jaguar Network SAS
ripencc,185.147.0.0,22,fr.financiere;KEREIS HOLDING SAS
ripencc,185.147.64.0,22,fr.cpro-telecom;KOESIO Networks SASU
ripencc,185.147.148.0,22,fr.memonet;MEMONET SAS
ripencc,185.147.204.0,22,n/a
ripencc,185.147.220.0,22,fr.herault-telecom;Herault Telecom
ripencc,185.147.228.0,22,fr.capaixconnect;Capaix Connectic
ripencc,185.147.232.0,22,fr.armorconnectic;ARMOR CONNECTIC SAS
ripencc,185.147.240.0,22,n/a
ripencc,185.148.120.0,22,n/a
ripencc,185.148.164.0,22,fr.one;Open Networks Engineering SAS
ripencc,185.148.224.0,22,n/a
ripencc,185.148.244.0,22,fr.regie-kbleu;Regie du reseau cable du haut sundgau
ripencc,185.148.252.0,22,n/a
ripencc,185.149.8.0,22,n/a
ripencc,185.149.12.0,22,n/a
ripencc,185.149.60.0,22,n/a
ripencc,185.149.216.0,22,n/a
ripencc,185.150.88.0,22,n/a
ripencc,185.150.120.0,22,n/a
ripencc,185.150.160.0,22,n/a
ripencc,185.150.172.0,22,n/a
ripencc,185.150.240.0,22,n/a
ripencc,185.150.252.0,22,fr.sib;SIB
ripencc,185.151.52.0,22,n/a
ripencc,185.151.68.0,22,fr.lyranetwork;Lyra Network SAS
ripencc,185.151.180.0,22,fr.adeoservices;ADEO SERVICES SA
ripencc,185.151.188.0,22,n/a
ripencc,185.151.212.0,23,n/a
ripencc,185.151.214.0,23,n/a
ripencc,185.152.24.0,22,n/a
ripencc,185.152.52.0,22,fr.antesis;ANTESIS SARL
ripencc,185.152.168.0,22,fr.activatel;Activatel SAS
ripencc,185.153.8.0,22,fr.nexylan;SAS Nexylan
ripencc,185.153.28.0,22,fr.voiptelecom;VOIP TELECOM SAS
ripencc,185.153.96.0,22,n/a
ripencc,185.153.112.0,22,n/a
ripencc,185.153.244.0,22,n/a
ripencc,185.154.32.0,22,n/a
ripencc,185.154.136.0,22,n/a
ripencc,185.154.152.0,22,fr.virtuasys;VIRTUA SYSTEMS SAS
ripencc,185.154.172.0,22,n/a
ripencc,185.155.0.0,22,n/a
ripencc,185.155.92.0,22,fr.osiris;Universite de Strasbourg
ripencc,185.155.172.0,22,fr.cpro-telecom;KOESIO Networks SASU
ripencc,185.156.24.0,22,n/a
ripencc,185.156.76.0,22,fr.christiandior;Christian Dior Couture SA
ripencc,185.156.80.0,22,fr.ergatel;Everko SASU
ripencc,185.157.192.0,22,fr.madrigall;Madrigall SA
ripencc,185.157.244.0,23,n/a
ripencc,185.157.246.0,23,fr.hhosting;Harmony Hosting SARL
ripencc,185.158.4.0,22,n/a
ripencc,185.158.44.0,22,fr.elb;CTS Computers and Telecommunications Systems SAS
ripencc,185.158.108.0,22,n/a
ripencc,185.159.12.0,22,n/a
ripencc,185.159.96.0,22,n/a
ripencc,185.159.104.0,22,fr.deezer;Deezer SA
ripencc,185.160.8.0,22,fr.acorus;F5 Networks SARL
ripencc,185.160.32.0,22,n/a
ripencc,185.160.52.0,22,n/a
ripencc,185.160.124.0,22,n/a
ripencc,185.161.44.0,22,n/a
ripencc,185.161.168.0,22,fr.blade;Shadow SAS
ripencc,185.162.80.0,22,n/a
ripencc,185.162.160.0,22,n/a
ripencc,185.162.176.0,22,n/a
ripencc,185.162.196.0,22,n/a
ripencc,185.162.208.0,22,n/a
ripencc,185.163.28.0,22,fr.ergatel;Everko SASU
ripencc,185.163.60.0,22,n/a
ripencc,185.163.64.0,22,n/a
ripencc,185.163.124.0,22,fr.onetsolutions-net-2;ONETSOLUTIONS SAS
ripencc,185.163.136.0,22,n/a
ripencc,185.163.212.0,22,n/a
ripencc,185.163.220.0,22,n/a
ripencc,185.163.228.0,22,n/a
ripencc,185.164.124.0,22,fr.kyxar;Kyxar SARL
ripencc,185.164.164.0,22,fr.reseauthd;RESEAU THD SARL
ripencc,185.164.212.0,22,n/a
ripencc,185.164.232.0,22,fr.knet;K-NET SARL
ripencc,185.165.64.0,22,fr.azylis;AZYLIS SARL
ripencc,185.165.144.0,22,n/a
ripencc,185.165.192.0,24,fr.symphonyeyc;SymphonyEYC France SAS
ripencc,185.165.193.0,24,n/a
ripencc,185.166.12.0,22,fr.solusquare;SOLUSQUARE SAS
ripencc,185.166.100.0,22,n/a
ripencc,185.166.164.0,22,fr.advcom;ADVCOM SARL
ripencc,185.167.0.0,22,fr.nxtofrance;NXO France SAS
ripencc,185.167.16.0,22,n/a
ripencc,185.167.128.0,22,n/a
ripencc,185.167.220.0,22,n/a
ripencc,185.167.248.0,22,n/a
ripencc,185.167.252.0,24,n/a
ripencc,185.168.44.0,22,fr.celeonet;Celeonet SAS
ripencc,185.168.56.0,22,n/a
ripencc,185.168.188.0,22,fr.coaxis;COAXIS ASP SAS
ripencc,185.169.88.0,22,fr.kosc;Covage Infra SASU
ripencc,185.169.156.0,22,n/a
ripencc,185.169.208.0,22,fr.prolival;Prolival SA
ripencc,185.170.12.0,22,n/a
ripencc,185.170.20.0,22,fr.jms;J.M.S. SAS
ripencc,185.170.44.0,22,fr.vtechnologies;Empreinte Digitale
ripencc,185.170.64.0,24,n/a
ripencc,185.170.80.0,22,n/a
ripencc,185.170.148.0,22,n/a
ripencc,185.171.4.0,22,n/a
ripencc,185.171.20.0,22,n/a
ripencc,185.171.84.0,22,n/a
ripencc,185.171.112.0,22,n/a
ripencc,185.171.156.0,22,fr.ergatel;Everko SASU
ripencc,185.171.202.0,24,fr.dyjix-sas;Dyjix SAS
ripencc,185.172.12.0,22,fr.iptel;IP Telecom SARL
ripencc,185.172.16.0,22,n/a
ripencc,185.172.152.0,22,n/a
ripencc,185.172.224.0,22,fr.midrange;Imaweb France SASU
ripencc,185.172.232.0,22,fr.knet;K-NET SARL
ripencc,185.173.68.0,22,fr.leonix;ALWAYS ON SAS
ripencc,185.173.96.0,22,n/a
ripencc,185.173.124.0,22,n/a
ripencc,185.173.200.0,22,n/a
ripencc,185.173.252.0,22,n/a
ripencc,185.174.52.0,22,fr.dolistnet;EMAIL MARKETING SAS
ripencc,185.174.184.0,22,fr.link2link;Everko SASU
ripencc,185.175.4.0,22,n/a
ripencc,185.175.88.0,24,n/a
ripencc,185.175.120.0,22,n/a
ripencc,185.175.148.0,22,fr.naitways-network2;NAITWAYS SAS
ripencc,185.176.64.0,22,fr.kappalys;Kappalys Sarl
ripencc,185.176.148.0,22,n/a
ripencc,185.176.168.0,22,n/a
ripencc,185.176.176.0,22,fr.projet3;Linkt SAS
ripencc,185.176.232.0,22,fr.altsysnet;ALTSYSNET.COM SAS
ripencc,185.177.44.0,22,fr.haisoft;HaiSoft SARL
ripencc,185.177.180.0,22,n/a
ripencc,185.177.224.0,22,fr.netensia;Netensia SARL
ripencc,185.178.28.0,22,fr.talsion-network-2;TALSION SASU
ripencc,185.178.76.0,22,fr.rdi;SPIE ICS SASU
ripencc,185.178.88.0,22,n/a
ripencc,185.178.132.0,22,n/a
ripencc,185.178.184.0,22,fr.abeillesarl;ABEILLE SARL
ripencc,185.178.248.0,22,fr.jms;J.M.S. SAS
ripencc,185.179.112.0,22,n/a
ripencc,185.179.148.0,22,n/a
ripencc,185.179.176.0,22,n/a
ripencc,185.179.192.0,22,fr.audaxis;AUDAXIS SAS
ripencc,185.180.92.0,22,fr.ceso-gto;GROUPE TELECOMS DE L OUEST SAS
ripencc,185.180.152.0,22,n/a
ripencc,185.180.244.0,22,fr.ergatel;Everko SASU
ripencc,185.181.4.0,22,fr.eurafibre;Eurafibre SAS
ripencc,185.181.76.0,22,n/a
ripencc,185.181.152.0,22,fr.projet3;Linkt SAS
ripencc,185.181.156.0,22,n/a
ripencc,185.182.40.0,22,n/a
ripencc,185.182.107.0,24,n/a
ripencc,185.182.157.0,24,fr.martin-brower;MARTIN-BROWER FRANCE SAS
ripencc,185.182.168.0,22,fr.izarlink;IZARLINK SAS
ripencc,185.182.252.0,22,n/a
ripencc,185.183.0.0,22,n/a
ripencc,185.183.60.0,22,fr.projet3;Linkt SAS
ripencc,185.183.64.0,22,fr.projet3;Linkt SAS
ripencc,185.183.112.0,22,fr.vente-privee;VENTE-PRIVEE.COM SA
ripencc,185.183.140.0,22,n/a
ripencc,185.183.208.0,22,fr.aerlink;AERLINK SARL
ripencc,185.183.216.0,22,n/a
ripencc,185.183.228.0,22,fr.gva;Group Vivendi Africa SAS
ripencc,185.183.252.0,22,fr.projet3;Linkt SAS
ripencc,185.184.4.0,22,fr.projet3;Linkt SAS
ripencc,185.184.184.0,22,fr.euroconnect;NGANALYTICS SAS
ripencc,185.185.4.0,22,n/a
ripencc,185.185.8.0,22,n/a
ripencc,185.185.116.0,22,n/a
ripencc,185.186.72.0,22,fr.rlan;R'LAN SARL
ripencc,185.186.88.0,22,n/a
ripencc,185.186.228.0,22,fr.telecomobject;Telecom Object SARL
ripencc,185.187.28.0,22,fr.scalair;Scalair SAS
ripencc,185.187.164.0,22,n/a
ripencc,185.187.208.0,22,n/a
ripencc,185.187.216.0,22,fr.waxx;Waxx SAS
ripencc,185.188.88.0,22,n/a
ripencc,185.188.92.0,22,n/a
ripencc,185.188.156.0,22,n/a
ripencc,185.188.160.0,22,n/a
ripencc,185.188.168.0,22,n/a
ripencc,185.188.176.0,22,n/a
ripencc,185.189.20.0,22,n/a
ripencc,185.189.74.0,24,n/a
ripencc,185.189.156.0,22,n/a
ripencc,185.189.172.0,22,n/a
ripencc,185.189.188.0,22,fr.kalanda;JAUBERT CHRISTIAN trading as KALANDA
ripencc,185.189.236.0,22,fr.mailjet-sas;MAILJET SAS
ripencc,185.190.88.0,24,fr.m6dd;M6 Distribution Digital SAS
ripencc,185.190.91.0,24,n/a
ripencc,185.191.36.0,22,n/a
ripencc,185.191.48.0,22,n/a
ripencc,185.191.92.0,22,fr.ergatel;Everko SASU
ripencc,185.191.144.0,22,fr.fabien;Fabien SAUCE
ripencc,185.191.152.0,22,fr.axialys;Axialys SA
ripencc,185.191.200.0,22,n/a
ripencc,185.192.148.0,22,n/a
ripencc,185.194.80.0,22,n/a
ripencc,185.194.120.0,22,n/a
ripencc,185.194.128.0,22,n/a
ripencc,185.194.156.0,22,fr.leonix;ALWAYS ON SAS
ripencc,185.194.164.0,22,n/a
ripencc,185.194.184.0,22,fr.transatel;TRANSATEL SAS
ripencc,185.194.204.0,22,n/a
ripencc,185.194.232.0,22,n/a
ripencc,185.195.88.0,22,fr.trustinfo;TRUST INFO s.a.r.l.
ripencc,185.195.248.0,22,fr.cpro-telecom;KOESIO Networks SASU
ripencc,185.196.30.0,24,n/a
ripencc,185.196.62.0,24,fr.clhosting;CL Hosting SAS
ripencc,185.196.63.0,24,n/a
ripencc,185.196.72.0,22,fr.mediapart;SOCIETE EDITRICE DE MEDIAPART SAS
ripencc,185.196.248.0,22,n/a
ripencc,185.197.84.0,22,n/a
ripencc,185.197.100.0,22,fr.gosis-sa;Tersedia SAS
ripencc,185.197.108.0,22,n/a
ripencc,185.197.156.0,22,n/a
ripencc,185.197.184.0,22,fr.aznet;AZNET s.a.r.l.
ripencc,185.197.252.0,22,fr.edr;Edmond de Rothschild (France) SA
ripencc,185.198.20.0,22,n/a
ripencc,185.198.76.0,22,n/a
ripencc,185.198.128.0,22,n/a
ripencc,185.198.154.0,24,fr.tec6;Tec6 SARL
ripencc,185.198.224.0,22,fr.projet3;Linkt SAS
ripencc,185.198.236.0,22,fr.bnp-paribas;BNP PARIBAS S.A.
ripencc,185.198.248.0,22,fr.societe;SOCIETE DROMOISE DE TRAVAUX SAS
ripencc,185.199.32.0,22,fr.softathome;SoftAtHome SA
ripencc,185.199.40.0,22,n/a
ripencc,185.199.184.0,22,n/a
ripencc,185.199.200.0,22,n/a
ripencc,185.200.144.0,22,fr.passman;PASSMAN SAS
ripencc,185.200.164.0,22,n/a
ripencc,185.200.192.0,22,n/a
ripencc,185.200.200.0,22,n/a
ripencc,185.202.24.0,22,fr.i-via;I-via SARL
ripencc,185.202.52.0,22,fr.onx;ON-X GROUPE SA
ripencc,185.202.60.0,22,fr.k-net02;K-NET SARL
ripencc,185.202.112.0,24,n/a
ripencc,185.203.28.0,22,n/a
ripencc,185.203.140.0,22,n/a
ripencc,185.203.176.0,22,fr.acteingenierie;IZARRALDE SAS
ripencc,185.203.180.0,22,n/a
ripencc,185.204.40.0,22,n/a
ripencc,185.204.104.0,22,fr.owentis;OWENTIS SAS
ripencc,185.204.120.0,22,fr.planisware;Planisware SAS
ripencc,185.204.140.0,22,fr.adista-o23;ADISTA SAS
ripencc,185.204.160.0,22,fr.celya;CELYA SAS
ripencc,185.204.172.0,22,n/a
ripencc,185.204.188.0,22,fr.rezzo;REZZO SAS
ripencc,185.204.199.0,24,fr.atlas;Prime creation events SAS
ripencc,185.204.204.0,22,n/a
ripencc,185.204.208.0,22,n/a
ripencc,185.204.252.0,22,fr.projet3;Linkt SAS
ripencc,185.205.32.0,22,n/a
ripencc,185.205.71.0,24,fr.grenoble;COMMUNE DE GRENOBLE
ripencc,185.206.116.0,22,n/a
ripencc,185.206.136.0,22,n/a
ripencc,185.207.44.0,22,fr.cegelec;Vinci Energies SA
ripencc,185.207.80.0,22,fr.knet;K-NET SARL
ripencc,185.208.40.0,22,fr.cofiroute;Cofiroute SA
ripencc,185.208.60.0,22,n/a
ripencc,185.208.84.0,22,n/a
ripencc,185.208.140.0,22,n/a
ripencc,185.208.248.0,22,fr.adista-o23;ADISTA SAS
ripencc,185.209.16.0,22,n/a
ripencc,185.209.48.0,24,fr.timsit;TIMS IT SASAU
ripencc,185.209.52.0,22,fr.jaguar;Jaguar Network SAS
ripencc,185.209.81.0,24,n/a
ripencc,185.209.140.0,22,fr.projet3;Linkt SAS
ripencc,185.209.180.0,22,fr.fr-maif;Mutuelle Assurance Instituteur France STE
ripencc,185.209.184.0,22,fr.waxx;Waxx SAS
ripencc,185.209.208.0,22,fr.mailinblack;MAILINBLACK SAS
ripencc,185.210.108.0,22,n/a
ripencc,185.211.24.0,22,fr.ergatel;Everko SASU
ripencc,185.211.140.0,22,n/a
ripencc,185.212.7.0,24,fr.xtnetwork;XT NETWORK SARL
ripencc,185.212.20.0,22,fr.naitways2;NAITWAYS SAS
ripencc,185.212.96.0,22,n/a
ripencc,185.212.212.0,22,fr.k-net05;K-NET SARL
ripencc,185.212.224.0,22,fr.shpvfrance;SHPV FRANCE SAS
ripencc,185.213.72.0,22,fr.celya;CELYA SAS
ripencc,185.213.160.0,22,fr.pacwan;CELESTE SAS
ripencc,185.213.176.0,22,fr.infomil;Infomil S.A.S.
ripencc,185.214.52.0,22,fr.evtech;SNCF Connect & Tech Services SASU
ripencc,185.214.208.0,22,n/a
ripencc,185.214.216.0,22,n/a
ripencc,185.214.224.0,22,fr.gcn;GRAND CHALON NETWORKS SAS
ripencc,185.215.6.0,24,n/a
ripencc,185.215.12.0,22,n/a
ripencc,185.215.24.0,22,n/a
ripencc,185.215.64.0,22,n/a
ripencc,185.215.136.0,22,n/a
ripencc,185.215.168.0,22,n/a
ripencc,185.216.10.0,24,fr.365-it;365 IT SAS
ripencc,185.216.24.0,22,n/a
ripencc,185.216.36.0,22,n/a
ripencc,185.216.92.0,22,n/a
ripencc,185.216.96.0,22,n/a
ripencc,185.216.148.0,22,n/a
ripencc,185.216.240.0,22,n/a
ripencc,185.217.36.0,24,fr.id-sys1;ID-SYS INFORMATIQUE SARL
ripencc,185.217.120.0,22,n/a
ripencc,185.217.141.0,24,fr.sdis64;SCE DEPARTEMENTAL INCENDIE ET SECOURS
ripencc,185.217.142.0,24,fr.pca1;PC A LA CARTE SASU
ripencc,185.217.152.0,22,fr.ineonet;INEONET SAS
ripencc,185.217.200.0,22,fr.novatim;Mati Lan SAS
ripencc,185.217.244.0,22,n/a
ripencc,185.218.32.0,22,n/a
ripencc,185.218.144.0,22,fr.sisteo;SISTEO COMMUNICATIONS SARL
ripencc,185.218.152.0,22,fr.gigalis;SM Etude Devel Sces Reseaux Com
ripencc,185.218.172.0,22,n/a
ripencc,185.218.208.0,22,n/a
ripencc,185.218.212.0,22,fr.eurafibre;Eurafibre SAS
ripencc,185.218.248.0,22,fr.ergatel;Everko SASU
ripencc,185.219.5.0,24,n/a
ripencc,185.219.12.0,22,fr.telerys1;TELERYS COMMUNICATION SAS
ripencc,185.219.172.0,22,fr.sga;SOLSTICE GRAND ANGOULEME SAS
ripencc,185.219.204.0,22,fr.k-net07;K-NET SARL
ripencc,185.219.212.0,22,fr.nucleo;NUCLEO SOLUTIONS SARL
ripencc,185.219.228.0,22,n/a
ripencc,185.219.240.0,23,fr.ecole;ECOLE SUPERIEURE DES TECHNOLOGIES INDUSTRIELLES AVANCEES
ripencc,185.219.242.0,23,fr.izarlink;IZARLINK SAS
ripencc,185.220.4.0,22,n/a
ripencc,185.220.72.0,22,n/a
ripencc,185.221.88.0,22,fr.nxtofrance;NXO France SAS
ripencc,185.221.224.0,22,n/a
ripencc,185.221.228.0,22,n/a
ripencc,185.221.236.0,24,fr.adnov;ADNOV SAS
ripencc,185.222.60.0,22,n/a
ripencc,185.222.88.0,22,fr.celya;CELYA SAS
ripencc,185.222.144.0,22,fr.muxity;HeapSys SARL
ripencc,185.222.192.0,22,n/a
ripencc,185.223.55.0,24,fr.ocvchambery;OCV CHAMBERY INTERNATIONAL SAS
ripencc,185.223.72.0,22,fr.lpghc;LPG HC
ripencc,185.223.148.0,22,fr.projet3;Linkt SAS
ripencc,185.223.156.0,22,fr.dailymotion;Dailymotion S.A.
ripencc,185.223.180.0,22,n/a
ripencc,185.223.213.0,24,n/a
ripencc,185.223.228.0,22,fr.dgp;PS MOBILE ACCESS SASU
ripencc,185.224.32.0,22,fr.fullsave;FULLSAVE SAS
ripencc,185.224.84.0,22,fr.celya;CELYA SAS
ripencc,185.224.172.0,22,fr.numlog-fr;NUMLOG S.A.S.U.
ripencc,185.225.64.0,22,fr.comarch;COMARCH SAS
ripencc,185.225.184.0,22,n/a
ripencc,185.226.12.0,22,fr.celya;CELYA SAS
ripencc,185.226.16.0,22,n/a
ripencc,185.226.32.0,22,fr.lanetcie;LaNetCie SAS
ripencc,185.226.48.0,22,n/a
ripencc,185.226.96.0,24,n/a
ripencc,185.226.166.0,24,n/a
ripencc,185.226.252.0,22,fr.celya;CELYA SAS
ripencc,185.227.0.0,22,fr.fullsave;FULLSAVE SAS
ripencc,185.227.16.0,22,n/a
ripencc,185.227.232.0,22,n/a
ripencc,185.228.20.0,22,n/a
ripencc,185.228.84.0,22,n/a
ripencc,185.228.156.0,22,n/a
ripencc,185.228.228.0,22,n/a
ripencc,185.229.160.0,22,n/a
ripencc,185.229.176.0,22,n/a
ripencc,185.230.8.0,22,n/a
ripencc,185.230.76.0,22,n/a
ripencc,185.230.96.0,22,n/a
ripencc,185.230.164.0,22,n/a
ripencc,185.231.8.0,22,fr.blade;Shadow SAS
ripencc,185.231.58.0,24,n/a
ripencc,185.231.120.0,22,n/a
ripencc,185.231.164.0,22,n/a
ripencc,185.231.168.0,22,n/a
ripencc,185.232.24.0,22,n/a
ripencc,185.232.124.0,22,fr.velumware;VELUMWARE SAS
ripencc,185.232.192.0,22,n/a
ripencc,185.232.200.0,22,n/a
ripencc,185.232.224.0,22,n/a
ripencc,185.233.8.0,22,n/a
ripencc,185.233.32.0,24,fr.eholink;EHO.LINK SAS
ripencc,185.233.48.0,22,fr.ipgarde;IPGarde SAS
ripencc,185.233.100.0,22,fr.aquilenet;AQUILENET
ripencc,185.233.130.0,24,n/a
ripencc,185.234.40.0,22,n/a
ripencc,185.234.48.0,22,fr.cloudnormand;VOIP TELECOM SERVICES
ripencc,185.234.53.0,24,n/a
ripencc,185.234.54.0,23,n/a
ripencc,185.234.76.0,22,fr.actility;Actility SA
ripencc,185.234.80.0,22,n/a
ripencc,185.234.100.0,24,"fr.isefac;I P L ""ISEFAC PARIS LILLE"" SAS"
ripencc,185.234.104.0,22,fr.cirtel;CIRTEL SARL
ripencc,185.234.140.0,22,n/a
ripencc,185.235.4.0,22,fr.syxperiane;Syxperiane Group SAS
ripencc,185.235.8.0,24,n/a
ripencc,185.235.62.0,24,n/a
ripencc,185.235.71.0,24,n/a
ripencc,185.235.79.0,24,n/a
ripencc,185.235.84.0,22,n/a
ripencc,185.235.104.0,22,n/a
ripencc,185.235.146.0,24,fr.dataexpertise;HUMANS CONNEXION SARL
ripencc,185.235.147.0,24,fr.coresystem;CORESYSTEM SASU
ripencc,185.235.196.0,22,n/a
ripencc,185.235.207.0,24,n/a
ripencc,185.236.0.0,22,fr.delnet;SYSTAILOR SAS
ripencc,185.236.56.0,22,n/a
ripencc,185.236.129.0,24,n/a
ripencc,185.236.141.0,24,fr.ltrf;LAGARDERE TRAVEL RETAIL FRANCE S.N.C.
ripencc,185.236.224.0,22,fr.evolix;Evolix SARL
ripencc,185.237.40.0,22,n/a
ripencc,185.238.4.0,22,fr.k-net09;K-NET SARL
ripencc,185.238.36.0,22,n/a
ripencc,185.238.116.0,24,n/a
ripencc,185.239.108.0,22,n/a
ripencc,185.239.196.0,22,n/a
ripencc,185.240.36.0,22,fr.sarltimaca;SARL TIMACA
ripencc,185.240.124.0,22,n/a
ripencc,185.240.156.0,22,fr.ibloopro;Ibloo Pro SAS
ripencc,185.240.176.0,22,fr.dataouest;PPI GROUP SAS
ripencc,185.241.0.0,22,fr.netalis;Netalis SAS
ripencc,185.241.96.0,22,n/a
ripencc,185.241.112.0,22,n/a
ripencc,185.241.140.0,22,n/a
ripencc,185.241.180.0,22,fr.grandorlyseinebievre;EPT Grand-Orly Seine Bievre
ripencc,185.241.204.0,22,n/a
ripencc,185.242.8.0,22,fr.fmitelecom;FMI TELECOM S.A.S.U.
ripencc,185.242.128.0,22,n/a
ripencc,185.242.136.0,22,fr.groupepvcp;GIE PVCP Services
ripencc,185.242.140.0,22,n/a
ripencc,185.242.187.0,24,n/a
ripencc,185.243.1.0,24,n/a
ripencc,185.243.16.0,22,fr.ipexia;IPEXIA SAS
ripencc,185.243.120.0,22,fr.projet3;Linkt SAS
ripencc,185.243.156.0,22,fr.cd93;DEPARTEMENT DE LA SEINE-SAINT-DENIS
ripencc,185.244.16.0,22,n/a
ripencc,185.244.72.0,22,fr.fullsave;FULLSAVE SAS
ripencc,185.244.124.0,22,fr.adecco;Adecco IT Services SAS
ripencc,185.244.160.0,24,n/a
ripencc,185.244.237.0,24,fr.alpes-net;Alpes Networks SAS
ripencc,185.245.20.0,24,n/a
ripencc,185.245.136.0,22,n/a
ripencc,185.245.140.0,22,fr.caplaser;CAPLASER SA
ripencc,185.245.196.0,22,n/a
ripencc,185.245.220.0,22,fr.idnova;ID NOVA SARL
ripencc,185.245.246.0,23,n/a
ripencc,185.245.248.0,22,fr.xankom;XANKOM SARL
ripencc,185.246.16.0,22,fr.iniflux;bi. SAS
ripencc,185.246.24.0,22,fr.fullsave;FULLSAVE SAS
ripencc,185.246.44.0,22,n/a
ripencc,185.246.84.0,22,fr.ikoula;Ikoula Net SAS
ripencc,185.246.96.0,22,fr.fullsave;FULLSAVE SAS
ripencc,185.247.32.0,22,n/a
ripencc,185.247.60.0,24,n/a
ripencc,185.247.84.0,23,fr.insitu;INSITU BUSINESS CENTRE SARL
ripencc,185.247.86.0,23,fr.fullsave;FULLSAVE SAS
ripencc,185.247.104.0,22,fr.medcost;Hachette Filipacchi Presse SA
ripencc,185.247.112.0,22,n/a
ripencc,185.247.128.0,22,n/a
ripencc,185.247.248.0,22,n/a
ripencc,185.248.4.0,22,n/a
ripencc,185.248.112.0,22,n/a
ripencc,185.248.145.0,24,n/a
ripencc,185.248.156.0,22,n/a
ripencc,185.248.216.0,22,n/a
ripencc,185.249.20.0,22,n/a
ripencc,185.249.28.0,22,fr.ergatel;Everko SASU
ripencc,185.249.32.0,22,n/a
ripencc,185.249.44.0,22,n/a
ripencc,185.249.140.0,22,n/a
ripencc,185.249.184.0,22,fr.fullsave;FULLSAVE SAS
ripencc,185.250.68.0,22,fr.neotel;NEOTEL SARL
ripencc,185.250.112.0,22,fr.getandgo;Get & Go Telecom Sas
ripencc,185.250.176.0,22,n/a
ripencc,185.250.216.0,22,fr.dassaultaviation;DASSAULT AVIATION SA
ripencc,185.251.68.0,24,n/a
ripencc,185.251.132.0,22,fr.mbz;MINDBAZ SAS
ripencc,185.251.160.0,22,fr.k-net11;K-NET SARL
ripencc,185.252.48.0,22,n/a
ripencc,185.252.128.0,22,fr.airmob;AIRMOB SAS
ripencc,185.252.156.0,22,n/a
ripencc,185.252.195.0,24,fr.hexanet1;HEXANET SAS
ripencc,185.252.201.0,24,fr.bluejungle1;BlueJungle SARL
ripencc,185.252.236.0,22,fr.d-lake;D-LAKE SAS
ripencc,185.253.9.0,24,fr.doctolib;Doctolib SAS
ripencc,185.253.10.0,24,fr.qotico;QOTICO TELECOM SAS
ripencc,185.253.36.0,22,n/a
ripencc,185.253.54.0,24,n/a
ripencc,185.253.57.0,24,fr.isonys;ISONYS SAS
ripencc,185.253.92.0,22,fr.fullsave;FULLSAVE SAS
ripencc,185.253.132.0,22,fr.alsace;Alsace Cloud Informatique SARL
ripencc,185.253.168.0,22,fr.blade;Shadow SAS
ripencc,185.254.8.0,22,n/a
ripencc,185.254.100.0,22,fr.synpsh;SASU SYNPSH
ripencc,185.254.144.0,22,fr.creaweb;creaweb SARL
ripencc,185.254.208.0,22,fr.lepoint;SOCIETE D'EXPLOITATION DE L'HEBDOMADAIRE LE POINT SA
ripencc,185.255.28.0,24,fr.mbz;MINDBAZ SAS
ripencc,185.255.84.0,22,n/a
ripencc,185.255.139.0,24,fr.kbrw;KBRW Ad-Venture SAS
ripencc,185.255.216.0,22,fr.a2iptelecom;A2IP Telecom SAS
ripencc,188.7.0.0,16,n/a
ripencc,188.64.240.0,21,n/a
ripencc,188.65.120.0,21,fr.dailymotion;Dailymotion S.A.
ripencc,188.65.168.0,21,fr.ipgarde;IPGarde SAS
ripencc,188.66.56.0,22,fr.adista-o23;ADISTA SAS
ripencc,188.73.0.0,18,fr.aie;Altitude Infrastructure Exploitation SAS
ripencc,188.92.64.0,22,n/a
ripencc,188.92.68.0,22,n/a
ripencc,188.93.38.0,23,n/a
ripencc,188.93.40.0,21,n/a
ripencc,188.93.114.0,24,n/a
ripencc,188.94.0.0,21,fr.dotsmart;dotSmart SARL
ripencc,188.94.191.0,24,fr.epitech;EPITECH ECOLE INFORMATIQUE NOUV TECHNOL A.D
ripencc,188.94.200.0,21,fr.hexanet1;HEXANET SAS
ripencc,188.114.120.0,21,n/a
ripencc,188.116.58.0,23,n/a
ripencc,188.121.224.0,19,n/a
ripencc,188.123.64.0,19,n/a
ripencc,188.130.0.0,17,fr.cts;CTS Computers and Telecommunications Systems SAS
ripencc,188.141.128.0,17,n/a
ripencc,188.165.0.0,16,n/a
ripencc,188.208.198.0,23,fr.elb;CTS Computers and Telecommunications Systems SAS
ripencc,188.213.24.0,22,n/a
ripencc,188.213.28.0,22,n/a
ripencc,188.213.56.0,21,fr.infomil;Infomil S.A.S.
ripencc,188.213.140.0,22,n/a
ripencc,188.214.24.0,24,fr.virtuasys;VIRTUA SYSTEMS SAS
ripencc,188.214.25.0,24,n/a
ripencc,188.214.100.0,22,n/a
ripencc,188.224.0.0,17,n/a
ripencc,188.231.0.0,17,fr.aie;Altitude Infrastructure Exploitation SAS
ripencc,188.240.51.0,24,fr.coresystem;CORESYSTEM SASU
ripencc,188.244.108.0,22,fr.cheops-fr;CHEOPS TECHNOLOGY FRANCE S.A.
ripencc,192.100.66.0,24,fr.bjtpartners;BJT PARTNERS SAS
ripencc,192.145.4.0,22,fr.cciag;CCIAG - COMPAGNIE DE CHAUFFAGE INTERCOMMUNALE DE L'AGGLOMERATION GRENOBLOISE S.E.M.L.
ripencc,192.145.32.0,22,n/a
ripencc,192.145.76.0,22,n/a
ripencc,192.166.154.0,23,fr.groupama;GROUPAMA SUPPORTS ET SERVICES
ripencc,192.166.156.0,23,fr.groupama;GROUPAMA SUPPORTS ET SERVICES
ripencc,192.166.204.0,22,n/a
ripencc,192.214.192.0,19,n/a
ripencc,193.0.159.0,24,n/a
ripencc,193.3.21.0,24,fr.sabsystem;SAB SYSTEM SASU
ripencc,193.3.24.0,24,n/a
ripencc,193.3.190.0,24,n/a
ripencc,193.7.212.0,22,fr.psiade;PSIADE SARL
ripencc,193.8.116.0,22,n/a
ripencc,193.8.206.0,23,fr.france1;France Televisions SA
ripencc,193.8.220.0,23,fr.france1;France Televisions SA
ripencc,193.8.224.0,22,n/a
ripencc,193.16.213.0,24,fr.acorus;F5 Networks SARL
ripencc,193.16.221.0,24,fr.acorus;F5 Networks SARL
ripencc,193.16.236.0,24,fr.acorus;F5 Networks SARL
ripencc,193.16.239.0,24,fr.acorus;F5 Networks SARL
ripencc,193.17.95.0,24,n/a
ripencc,193.22.14.0,24,fr.comnetwork;Com Network SAS
ripencc,193.22.15.0,24,n/a
ripencc,193.22.224.0,22,fr.sgofsecurite;SGOF SECURITE SAS
ripencc,193.23.28.0,22,n/a
ripencc,193.23.52.0,24,fr.s2b-net;S2B-NET SARL
ripencc,193.23.164.0,23,fr.grenode;Grenode
ripencc,193.23.246.0,23,fr.grenode;Grenode
ripencc,193.25.122.0,23,n/a
ripencc,193.25.168.0,23,n/a
ripencc,193.25.200.0,24,fr.abeillesarl;ABEILLE SARL
ripencc,193.26.14.0,24,n/a
ripencc,193.26.21.0,24,n/a
ripencc,193.26.22.0,24,n/a
ripencc,193.26.121.0,24,n/a
ripencc,193.27.194.0,23,n/a
ripencc,193.33.121.0,24,fr.niit1;NIIT SASU
ripencc,193.34.32.0,22,fr.bayard-info;KOESIO AURA INFORMATIQUE SAS
ripencc,193.35.98.0,24,n/a
ripencc,193.35.101.0,24,n/a
ripencc,193.35.145.0,24,n/a
ripencc,193.35.156.0,24,n/a
ripencc,193.36.52.0,22,n/a
ripencc,193.37.250.0,24,n/a
ripencc,193.38.128.0,22,n/a
ripencc,193.39.0.0,22,fr.vasolutions;VA SOLUTIONS SARL
ripencc,193.39.164.0,22,n/a
ripencc,193.41.72.0,22,n/a
ripencc,193.46.252.0,24,n/a
ripencc,193.47.70.0,24,n/a
ripencc,193.47.75.0,24,n/a
ripencc,193.47.86.0,24,n/a
ripencc,193.48.0.0,14,n/a
ripencc,193.52.0.0,16,n/a
ripencc,193.54.0.0,15,n/a
ripencc,193.56.2.0,24,fr.qoontoo;QOONTOO SAS
ripencc,193.56.15.0,24,fr.iniflux;bi. SAS
ripencc,193.56.60.0,24,n/a
ripencc,193.56.124.0,23,n/a
ripencc,193.56.130.0,23,n/a
ripencc,193.56.168.0,22,n/a
ripencc,193.56.220.0,22,n/a
ripencc,193.56.247.0,24,n/a
ripencc,193.57.4.0,24,n/a
ripencc,193.57.7.0,24,n/a
ripencc,193.57.21.0,24,n/a
ripencc,193.57.100.0,22,n/a
ripencc,193.57.128.0,22,n/a
ripencc,193.57.226.0,23,n/a
ripencc,193.57.248.0,24,n/a
ripencc,193.58.42.0,24,n/a
ripencc,193.58.43.0,24,n/a
ripencc,193.58.154.0,24,n/a
ripencc,193.58.173.0,24,n/a
ripencc,193.58.174.0,23,fr.syntis;SYNTIS SARL
ripencc,193.58.237.0,24,n/a
ripencc,193.58.248.0,23,fr.syntis;SYNTIS SARL
ripencc,193.70.0.0,17,n/a
ripencc,193.104.118.0,24,fr.geniproj;Geniproj SARL
ripencc,193.104.154.0,24,n/a
ripencc,193.105.141.0,24,fr.vente-privee;VENTE-PRIVEE.COM SA
ripencc,193.105.151.0,24,fr.vente-privee;VENTE-PRIVEE.COM SA
ripencc,193.105.154.0,24,fr.vente-privee;VENTE-PRIVEE.COM SA
ripencc,193.105.162.0,24,fr.vente-privee;VENTE-PRIVEE.COM SA
ripencc,193.107.50.0,24,n/a
ripencc,193.107.64.0,24,n/a
ripencc,193.109.118.0,24,n/a
ripencc,193.110.140.0,24,fr.bcs-technologies;APX Integration SASU
ripencc,193.134.212.0,22,fr.ibnet;iBrowse SARL
ripencc,193.135.124.0,22,n/a
ripencc,193.138.168.0,22,fr.infomil-so;Infomil S.A.S.
ripencc,193.139.0.0,16,n/a
ripencc,193.142.28.0,23,fr.crh;CRH SARL
ripencc,193.142.48.0,23,fr.crh;CRH SARL
ripencc,193.142.128.0,22,n/a
ripencc,193.148.80.0,22,fr.ornethd;ORNE THD SPL
ripencc,193.149.96.0,19,fr.ccns;Computacenter NS SAS
ripencc,193.160.102.0,24,fr.ced;Cedric Tabary
ripencc,193.160.113.0,24,fr.ced;Cedric Tabary
ripencc,193.160.130.0,24,fr.ced;Cedric Tabary
ripencc,193.160.136.0,24,fr.ced;Cedric Tabary
ripencc,193.161.254.0,23,fr.vente-privee;VENTE-PRIVEE.COM SA
ripencc,193.163.34.0,24,n/a
ripencc,193.163.90.0,24,n/a
ripencc,193.163.99.0,24,n/a
ripencc,193.163.183.0,24,n/a
ripencc,193.164.2.0,23,fr.vente-privee;VENTE-PRIVEE.COM SA
ripencc,193.168.144.0,22,n/a
ripencc,193.168.204.0,22,fr.netbarista;Netbarista SASU
ripencc,193.168.219.0,24,n/a
ripencc,193.169.59.0,24,n/a
ripencc,193.169.104.0,24,n/a
ripencc,193.176.64.0,22,n/a
ripencc,193.176.68.0,22,n/a
ripencc,193.176.88.0,22,n/a
ripencc,193.177.0.0,24,fr.rackwayfm;RACKWAY FLEET MANAGEMENT SAS
ripencc,193.177.162.0,24,fr.rackwayfm;RACKWAY FLEET MANAGEMENT SAS
ripencc,193.177.182.0,24,fr.rackwayfm;RACKWAY FLEET MANAGEMENT SAS
ripencc,193.178.0.0,24,fr.rackwayfm;RACKWAY FLEET MANAGEMENT SAS
ripencc,193.178.191.0,24,fr.owentis;OWENTIS SAS
ripencc,193.186.192.0,22,n/a
ripencc,193.189.143.0,24,n/a
ripencc,193.193.0.0,19,n/a
ripencc,193.194.150.0,23,n/a
ripencc,193.200.0.0,23,n/a
ripencc,193.200.60.0,24,fr.oxxodata;OXXODATA SASU
ripencc,193.200.233.0,24,fr.strongbluetelecom;Strong Blue Conseil & Telecom SASU
ripencc,193.201.35.0,24,fr.sigma;SIGMA INFORMATIQUE SAS
ripencc,193.201.37.0,24,fr.sigma;SIGMA INFORMATIQUE SAS
ripencc,193.201.38.0,24,fr.sigma;SIGMA INFORMATIQUE SAS
ripencc,193.201.43.0,24,fr.sigma;SIGMA INFORMATIQUE SAS
ripencc,193.202.0.0,24,fr.leonix5;LEONIX EVENTS SAS
ripencc,193.203.52.0,22,fr.d-lake;D-LAKE SAS
ripencc,193.218.82.0,23,fr.rosm;Paul BOISSEL DOMBREVAL
ripencc,193.218.118.0,23,fr.rosm;Paul BOISSEL DOMBREVAL
ripencc,193.218.120.0,24,n/a
ripencc,193.222.142.0,23,n/a
ripencc,193.222.188.0,23,n/a
ripencc,193.228.138.0,24,fr.silicon;SILICON VALLET SARL
ripencc,193.228.175.0,24,fr.altilink;Altilink SARL
ripencc,193.228.181.0,24,fr.altilink;Altilink SARL
ripencc,193.228.185.0,24,fr.altilink;Altilink SARL
ripencc,193.228.186.0,24,fr.altilink;Altilink SARL
ripencc,193.228.229.0,24,n/a
ripencc,193.239.190.0,23,fr.openip;Destiny France Partenaires SAS
ripencc,193.239.192.0,23,n/a
ripencc,193.242.174.0,23,n/a
ripencc,193.242.217.0,24,fr.bedrock;Bedrock SAS
ripencc,193.243.150.0,23,fr.openip;Destiny France Partenaires SAS
ripencc,193.247.200.0,24,n/a
ripencc,193.248.0.0,14,fr.telecom;Orange S.A.
ripencc,193.252.0.0,15,fr.telecom;Orange S.A.
ripencc,194.2.0.0,18,fr.telecom;Orange S.A.
ripencc,194.2.64.0,21,fr.telecom;Orange S.A.
ripencc,194.2.72.0,23,fr.telecom;Orange S.A.
ripencc,194.2.76.0,24,fr.telecom;Orange S.A.
ripencc,194.2.78.0,23,fr.telecom;Orange S.A.
ripencc,194.2.80.0,21,fr.telecom;Orange S.A.
ripencc,194.2.96.0,19,fr.telecom;Orange S.A.
ripencc,194.2.128.0,20,fr.telecom;Orange S.A.
ripencc,194.2.144.0,21,fr.telecom;Orange S.A.
ripencc,194.2.152.0,23,fr.telecom;Orange S.A.
ripencc,194.2.154.0,24,fr.telecom;Orange S.A.
ripencc,194.2.156.0,22,fr.telecom;Orange S.A.
ripencc,194.2.160.0,19,fr.telecom;Orange S.A.
ripencc,194.2.192.0,18,fr.telecom;Orange S.A.
ripencc,194.3.0.0,17,fr.telecom;Orange S.A.
ripencc,194.3.128.0,21,fr.telecom;Orange S.A.
ripencc,194.3.137.0,24,fr.telecom;Orange S.A.
ripencc,194.3.138.0,23,fr.telecom;Orange S.A.
ripencc,194.3.140.0,22,fr.telecom;Orange S.A.
ripencc,194.3.144.0,20,fr.telecom;Orange S.A.
ripencc,194.3.160.0,19,fr.telecom;Orange S.A.
ripencc,194.3.192.0,18,fr.telecom;Orange S.A.
ripencc,194.5.183.0,24,fr.systemnet;System-Net Sas
ripencc,194.6.128.0,19,n/a
ripencc,194.6.253.0,24,fr.toor;Root SAS
ripencc,194.8.75.0,24,n/a
ripencc,194.9.63.0,24,fr.ingecap;INGECAP SARL
ripencc,194.9.172.0,23,fr.feelb;FEELB SARL
ripencc,194.11.20.0,23,fr.feelb;FEELB SARL
ripencc,194.11.255.0,24,n/a
ripencc,194.13.1.0,24,n/a
ripencc,194.13.64.0,24,n/a
ripencc,194.13.67.0,24,n/a
ripencc,194.26.133.0,24,n/a
ripencc,194.26.140.0,24,fr.nexylan5;SAS Nexylan
ripencc,194.26.150.0,23,fr.k-net25;K-NET SARL
ripencc,194.29.74.0,23,fr.k-net25;K-NET SARL
ripencc,194.30.173.0,24,n/a
ripencc,194.31.51.0,24,fr.beyscloud;BE YS Cloud France SASU
ripencc,194.31.136.0,22,n/a
ripencc,194.31.251.0,24,fr.expertinet;Expertinet SAS
ripencc,194.32.168.0,22,n/a
ripencc,194.34.100.0,22,n/a
ripencc,194.36.116.0,22,n/a
ripencc,194.36.137.0,24,n/a
ripencc,194.36.167.0,24,n/a
ripencc,194.36.169.0,24,n/a
ripencc,194.36.192.0,22,fr.projet3;Linkt SAS
ripencc,194.36.221.0,24,n/a
ripencc,194.37.250.0,23,fr.mge;Mangas Gambling Engineering SARL
ripencc,194.38.32.0,22,fr.k-net17;K-NET SARL
ripencc,194.39.28.0,22,fr.kpmgsa;KPMG S.A
ripencc,194.39.78.0,23,fr.mge;Mangas Gambling Engineering SARL
ripencc,194.39.208.0,22,"fr.telandcloud;Tel@ndCloud, S.A.S."
ripencc,194.39.232.0,22,n/a
ripencc,194.48.0.0,24,fr.kennaskom;SAS Kennaskom
ripencc,194.51.0.0,18,fr.telecom;Orange S.A.
ripencc,194.51.64.0,18,fr.telecom;Orange S.A.
ripencc,194.51.128.0,17,fr.telecom;Orange S.A.
ripencc,194.53.4.0,22,n/a
ripencc,194.56.92.0,22,fr.sesan;SESAN SERVICE NUMERIQUE DE SANTE GCS
ripencc,194.56.183.0,24,n/a
ripencc,194.57.0.0,16,n/a
ripencc,194.61.81.0,24,n/a
ripencc,194.62.174.0,24,n/a
ripencc,194.62.188.0,24,n/a
ripencc,194.62.233.0,24,n/a
ripencc,194.69.206.0,24,n/a
ripencc,194.76.10.0,23,fr.cloud;CLOUD ADVICE SAS
ripencc,194.76.12.0,23,fr.cloud;CLOUD ADVICE SAS
ripencc,194.79.128.0,19,n/a
ripencc,194.79.160.0,19,n/a
ripencc,194.98.0.0,19,fr.iway;Verizon France SAS
ripencc,194.98.32.0,20,fr.iway;Verizon France SAS
ripencc,194.98.48.0,20,fr.iway;Verizon France SAS
ripencc,194.98.64.0,18,fr.iway;Verizon France SAS
ripencc,194.98.128.0,17,fr.iway;Verizon France SAS
ripencc,194.99.8.0,22,n/a
ripencc,194.99.38.0,23,fr.vente-privee;VENTE-PRIVEE.COM SA
ripencc,194.99.50.0,23,fr.vente-privee;VENTE-PRIVEE.COM SA
ripencc,194.99.100.0,22,fr.sybord;SYBORD
ripencc,194.99.156.0,24,n/a
ripencc,194.104.16.0,22,n/a
ripencc,194.104.90.0,23,n/a
ripencc,194.104.92.0,23,n/a
ripencc,194.104.188.0,22,n/a
ripencc,194.105.58.0,23,fr.openip;Destiny France Partenaires SAS
ripencc,194.105.62.0,23,fr.openip;Destiny France Partenaires SAS
ripencc,194.110.120.0,22,n/a
ripencc,194.117.192.0,20,fr.bouygtel;Bouygues Telecom SA
ripencc,194.117.208.0,20,n/a
ripencc,194.117.224.0,23,fr.lexprecia;Lexprecia SARL
ripencc,194.119.0.0,17,fr.societe-generale;Societe Generale S.A.
ripencc,194.124.192.0,22,n/a
ripencc,194.125.228.0,22,fr.cellfish;Alchimie SAS
ripencc,194.126.178.0,24,n/a
ripencc,194.127.98.0,23,fr.xtnetwork;XT NETWORK SARL
ripencc,194.127.234.0,23,n/a
ripencc,194.127.236.0,23,n/a
ripencc,194.127.244.0,22,n/a
ripencc,194.127.248.0,22,n/a
ripencc,194.127.252.0,23,fr.asc;Advice Service Concept SAS
ripencc,194.145.112.0,23,fr.asc;Advice Service Concept SAS
ripencc,194.145.210.0,23,n/a
ripencc,194.145.212.0,23,n/a
ripencc,194.146.88.0,22,n/a
ripencc,194.146.126.0,24,fr.onetsolutions-net-2;ONETSOLUTIONS SAS
ripencc,194.146.172.0,22,n/a
ripencc,194.146.204.0,22,fr.w4tch;W4TCH SAS
ripencc,194.147.0.0,22,fr.k-net15;K-NET SARL
ripencc,194.147.44.0,24,fr.onetsolutions-net-2;ONETSOLUTIONS SAS
ripencc,194.147.47.0,24,fr.onetsolutions-net-2;ONETSOLUTIONS SAS
ripencc,194.147.67.0,24,fr.onetsolutions-net-2;ONETSOLUTIONS SAS
ripencc,194.147.71.0,24,fr.virtuasys;VIRTUA SYSTEMS SAS
ripencc,194.147.97.0,24,fr.virtuasys;VIRTUA SYSTEMS SAS
ripencc,194.147.105.0,24,fr.virtuasys;VIRTUA SYSTEMS SAS
ripencc,194.147.109.0,24,fr.virtuasys;VIRTUA SYSTEMS SAS
ripencc,194.147.152.0,22,n/a
ripencc,194.147.172.0,24,fr.cpro-telecom;KOESIO Networks SASU
ripencc,194.147.227.0,24,fr.cpro-telecom;KOESIO Networks SASU
ripencc,194.147.228.0,24,fr.cpro-telecom;KOESIO Networks SASU
ripencc,194.147.230.0,24,fr.cpro-telecom;KOESIO Networks SASU
ripencc,194.147.248.0,24,n/a
ripencc,194.149.160.0,19,fr.none;ONLINE S.A.S.
ripencc,194.149.237.0,24,fr.yoni-group;SAS YONI ENTREPRISE SERVICES - YES
ripencc,194.150.92.0,22,n/a
ripencc,194.156.149.0,24,fr.acsit;INFORMATIQUE MAINTENANCE SERVICES SAS
ripencc,194.156.160.0,24,fr.acsit;INFORMATIQUE MAINTENANCE SERVICES SAS
ripencc,194.156.164.0,24,fr.acsit;INFORMATIQUE MAINTENANCE SERVICES SAS
ripencc,194.156.173.0,24,fr.acsit;INFORMATIQUE MAINTENANCE SERVICES SAS
ripencc,194.158.96.0,19,fr.bouygtel;Bouygues Telecom SA
ripencc,194.165.4.0,23,fr.celya;CELYA SAS
ripencc,194.165.10.0,23,fr.celya;CELYA SAS
ripencc,194.167.0.0,16,n/a
ripencc,194.169.176.0,22,n/a
ripencc,194.177.32.0,19,n/a
ripencc,194.180.116.0,22,n/a
ripencc,194.180.228.0,22,n/a
ripencc,194.182.112.0,20,n/a
ripencc,194.183.192.0,19,n/a
ripencc,194.187.117.0,24,fr.altanna;ALTANNA SAS
ripencc,194.199.0.0,16,n/a
ripencc,194.206.0.0,16,fr.telecom;Orange S.A.
ripencc,194.214.0.0,16,n/a
ripencc,194.242.160.0,19,n/a
ripencc,194.247.36.0,24,fr.convergence6;Groupe convergence.com SAS
ripencc,194.250.0.0,16,fr.telecom;Orange S.A.
ripencc,194.254.0.0,16,n/a
ripencc,195.3.0.0,18,n/a
ripencc,195.5.192.0,19,n/a
ripencc,195.5.224.0,19,n/a
ripencc,195.6.0.0,16,fr.telecom;Orange S.A.
ripencc,195.7.96.0,19,n/a
ripencc,195.8.62.0,24,fr.arteone;Artefact SARL
ripencc,195.12.37.0,24,n/a
ripencc,195.13.47.0,24,fr.nexylan;SAS Nexylan
ripencc,195.13.51.0,24,fr.nexylan;SAS Nexylan
ripencc,195.14.7.0,24,fr.nexylan;SAS Nexylan
ripencc,195.14.10.0,24,fr.nexylan;SAS Nexylan
ripencc,195.14.28.0,24,n/a
ripencc,195.15.128.0,18,n/a
ripencc,195.20.101.0,24,n/a
ripencc,195.20.209.0,24,fr.milkywan1;MilkyWan Association
ripencc,195.24.244.0,24,fr.serinya8;SERINYA TELECOM SASU
ripencc,195.24.245.0,24,fr.enkimultimedia;Enki Multimedia EURL
ripencc,195.25.0.0,16,fr.telecom;Orange S.A.
ripencc,195.28.20.0,24,n/a
ripencc,195.28.192.0,19,n/a
ripencc,195.35.96.0,24,fr.avelia1;Avelia SAS
ripencc,195.35.98.0,24,fr.johnberry;John Berry
ripencc,195.35.102.0,24,fr.johnberry;John Berry
ripencc,195.35.108.0,24,fr.johnberry;John Berry
ripencc,195.36.128.0,17,fr.bouygtel;Bouygues Telecom SA
ripencc,195.38.21.0,24,fr.johnberry;John Berry
ripencc,195.46.192.0,19,n/a
ripencc,195.54.48.0,23,fr.webo;WEBORAMA SA
ripencc,195.54.62.0,23,n/a
ripencc,195.64.100.0,24,fr.ip3g;IP3G SAS
ripencc,195.68.248.0,23,n/a
ripencc,195.68.254.0,23,n/a
ripencc,195.80.44.0,22,fr.secondefondation;Seconde Fondation EURL
ripencc,195.80.152.0,21,fr.deck-net;DECKNET S.A.R.L.
ripencc,195.83.0.0,19,n/a
ripencc,195.83.32.0,19,n/a
ripencc,195.83.64.0,18,n/a
ripencc,195.83.128.0,17,n/a
ripencc,195.85.6.0,23,fr.xtnetwork;XT NETWORK SARL
ripencc,195.85.248.0,24,n/a
ripencc,195.88.181.0,24,n/a
ripencc,195.90.116.0,22,fr.eurafibre;Eurafibre SAS
ripencc,195.95.128.0,24,n/a
ripencc,195.95.130.0,24,n/a
ripencc,195.96.152.0,24,n/a
ripencc,195.98.96.0,19,n/a
ripencc,195.98.224.0,19,n/a
ripencc,195.101.0.0,16,fr.telecom;Orange S.A.
ripencc,195.110.224.0,19,n/a
ripencc,195.114.26.0,23,n/a
ripencc,195.114.64.0,19,fr.easynet;GTT Communications France SAS
ripencc,195.115.0.0,19,n/a
ripencc,195.115.32.0,19,n/a
ripencc,195.115.64.0,18,n/a
ripencc,195.115.128.0,17,n/a
ripencc,195.123.7.0,24,fr.projet3;Linkt SAS
ripencc,195.132.0.0,19,n/a
ripencc,195.132.32.0,19,n/a
ripencc,195.132.64.0,18,n/a
ripencc,195.132.128.0,17,n/a
ripencc,195.133.148.0,22,fr.avelia1;Avelia SAS
ripencc,195.134.160.0,21,n/a
ripencc,195.135.0.0,18,n/a
ripencc,195.135.64.0,18,n/a
ripencc,195.137.186.0,24,n/a
ripencc,195.137.188.0,24,n/a
ripencc,195.137.192.0,23,n/a
ripencc,195.138.220.0,24,n/a
ripencc,195.144.23.0,24,n/a
ripencc,195.146.192.0,19,n/a
ripencc,195.146.224.0,19,fr.nordnet;NordNet SA
ripencc,195.154.0.0,16,fr.none;ONLINE S.A.S.
ripencc,195.158.240.0,23,n/a
ripencc,195.167.192.0,20,n/a
ripencc,195.167.224.0,20,n/a
ripencc,195.177.108.0,22,fr.projet3;Linkt SAS
ripencc,195.189.64.0,22,n/a
ripencc,195.191.90.0,23,fr.zoreole1;Zoreole Group SARL
ripencc,195.191.128.0,23,fr.zoreole1;Zoreole Group SARL
ripencc,195.191.172.0,23,n/a
ripencc,195.192.236.0,22,fr.cosium;Cosium sarl
ripencc,195.200.96.0,19,fr.ecritel;Ecritel SASU
ripencc,195.200.160.0,19,fr.pacwan;CELESTE SAS
ripencc,195.202.0.0,19,n/a
ripencc,195.214.240.0,21,n/a
ripencc,195.216.140.0,22,n/a
ripencc,195.220.0.0,16,n/a
ripencc,195.221.0.0,16,n/a
ripencc,195.225.80.0,24,n/a
ripencc,195.226.215.0,24,n/a
ripencc,195.242.146.0,24,n/a
ripencc,195.245.84.0,24,fr.telli;TELLI SAS
ripencc,195.248.0.0,19,n/a
ripencc,209.222.77.0,24,n/a
ripencc,212.6.39.0,24,n/a
ripencc,212.6.47.0,24,n/a
ripencc,212.6.52.0,24,fr.magic1;SQUARK SARL
ripencc,212.6.55.0,24,fr.aslairlines;ASL AIRLINES FRANCE S.A.
ripencc,212.11.0.0,18,fr.easynet;GTT Communications France SAS
ripencc,212.18.240.0,21,fr.jaguar;Jaguar Network SAS
ripencc,212.19.160.0,19,fr.netplus;Euris Health Cloud SAS
ripencc,212.23.160.0,19,n/a
ripencc,212.24.122.0,24,n/a
ripencc,212.27.32.0,19,fr.proxad;Free SAS
ripencc,212.30.96.0,19,n/a
ripencc,212.37.192.0,19,n/a
ripencc,212.39.128.0,19,n/a
ripencc,212.39.224.0,19,n/a
ripencc,212.43.192.0,19,n/a
ripencc,212.43.224.0,19,n/a
ripencc,212.44.224.0,19,fr.oc3network;OC3 NETWORK
ripencc,212.46.49.0,24,n/a
ripencc,212.46.52.0,24,n/a
ripencc,212.47.224.0,19,fr.none;ONLINE S.A.S.
ripencc,212.51.160.0,19,fr.rmi;ADISTA SAS
ripencc,212.52.17.0,24,fr.nerd;Nintendo European Research and Development SAS
ripencc,212.62.128.0,18,fr.none;ONLINE S.A.S.
ripencc,212.67.32.0,20,n/a
ripencc,212.69.160.0,19,n/a
ripencc,212.78.32.0,19,n/a
ripencc,212.82.128.0,19,fr.alto;LYNX ALTO SARL
ripencc,212.83.128.0,19,fr.none;ONLINE S.A.S.
ripencc,212.83.160.0,19,fr.none;ONLINE S.A.S.
ripencc,212.84.56.0,21,n/a
ripencc,212.85.128.0,20,fr.neuronnexion;Neuronnexion
ripencc,212.85.144.0,20,n/a
ripencc,212.85.229.0,24,fr.jaguar;Jaguar Network SAS
ripencc,212.85.230.0,23,fr.jaguar;Jaguar Network SAS
ripencc,212.86.100.0,24,n/a
ripencc,212.92.126.0,24,n/a
ripencc,212.94.160.0,19,n/a
ripencc,212.94.192.0,19,n/a
ripencc,212.95.64.0,19,n/a
ripencc,212.99.0.0,17,n/a
ripencc,212.102.100.0,24,fr.safeo2;SAFEO SAS
ripencc,212.102.101.0,24,n/a
ripencc,212.102.119.0,24,fr.c4bservices;C4B SERVICES SARL
ripencc,212.102.121.0,24,fr.sitevo;SITEVO
ripencc,212.103.0.0,19,n/a
ripencc,212.104.192.0,20,n/a
ripencc,212.104.240.0,20,n/a
ripencc,212.106.96.0,19,n/a
ripencc,212.107.64.0,19,fr.bourse-connect;Euronext Technologies SAS
ripencc,212.114.0.0,20,n/a
ripencc,212.114.16.0,21,fr.jaguar;Jaguar Network SAS
ripencc,212.114.24.0,21,fr.jaguar;Jaguar Network SAS
ripencc,212.121.32.0,19,n/a
ripencc,212.121.160.0,19,fr.ccns;Computacenter NS SAS
ripencc,212.129.0.0,18,fr.none;ONLINE S.A.S.
ripencc,212.146.192.0,18,n/a
ripencc,212.155.0.0,16,fr.iway;Verizon France SAS
ripencc,212.157.0.0,16,fr.iway;Verizon France SAS
ripencc,212.180.0.0,17,fr.easynet;GTT Communications France SAS
ripencc,212.194.0.0,15,fr.bouygtel;Bouygues Telecom SA
ripencc,212.197.192.0,18,fr.bourse-connect;Euronext Technologies SAS
ripencc,212.198.0.0,16,n/a
ripencc,212.208.0.0,17,fr.iway;Verizon France SAS
ripencc,212.208.128.0,17,fr.iway;Verizon France SAS
ripencc,212.234.0.0,16,fr.telecom;Orange S.A.
ripencc,213.5.130.0,24,fr.fbw-networks;FBW NETWORKS SAS
ripencc,213.11.0.0,16,fr.iway;Verizon France SAS
ripencc,213.30.128.0,18,n/a
ripencc,213.32.0.0,17,n/a
ripencc,213.32.128.0,18,n/a
ripencc,213.36.0.0,18,fr.none;ONLINE S.A.S.
ripencc,213.36.64.0,18,fr.none;ONLINE S.A.S.
ripencc,213.36.128.0,17,fr.none;ONLINE S.A.S.
ripencc,213.41.128.0,17,n/a
ripencc,213.44.0.0,16,fr.bouygtel;Bouygues Telecom SA
ripencc,213.56.0.0,16,fr.telecom;Orange S.A.
ripencc,213.90.128.0,17,fr.bourse-connect;Euronext Technologies SAS
ripencc,213.91.0.0,18,n/a
ripencc,213.128.32.0,19,n/a
ripencc,213.138.0.0,19,fr.nordnet;NordNet SA
ripencc,213.139.96.0,19,n/a
ripencc,213.144.192.0,19,n/a
ripencc,213.151.160.0,22,fr.aie;Altitude Infrastructure Exploitation SAS
ripencc,213.151.164.0,23,fr.aie;Altitude Infrastructure Exploitation SAS
ripencc,213.151.166.0,24,fr.rmi;ADISTA SAS
ripencc,213.151.167.0,24,fr.aie;Altitude Infrastructure Exploitation SAS
ripencc,213.151.168.0,21,fr.rmi;ADISTA SAS
ripencc,213.151.176.0,20,fr.nordnet;NordNet SA
ripencc,213.152.0.0,19,n/a
ripencc,213.156.132.0,22,n/a
ripencc,213.159.8.0,24,n/a
ripencc,213.159.9.0,24,n/a
ripencc,213.161.192.0,19,n/a
ripencc,213.162.32.0,19,n/a
ripencc,213.163.160.0,19,fr.nexto;FIDUCIAL CLOUD SASU
ripencc,213.166.192.0,19,n/a
ripencc,213.167.228.0,22,n/a
ripencc,213.167.240.0,20,n/a
ripencc,213.169.160.0,19,n/a
ripencc,213.173.48.0,22,n/a
ripencc,213.174.96.0,19,n/a
ripencc,213.176.192.0,19,n/a
ripencc,213.178.148.0,22,fr.apexi;APEXI SAS
ripencc,213.179.76.0,22,n/a
ripencc,213.180.224.0,19,n/a
ripencc,213.182.32.0,19,fr.ecritel;Ecritel SASU
ripencc,213.184.68.0,22,n/a
ripencc,213.186.32.0,19,n/a
ripencc,213.190.12.0,22,fr.astrium-sas;Airbus Defence and Space SAS
ripencc,213.190.64.0,19,n/a
ripencc,213.203.64.0,18,n/a
ripencc,213.205.96.0,19,n/a
ripencc,213.215.0.0,18,n/a
ripencc,213.217.12.0,22,n/a
ripencc,213.218.128.0,19,fr.ecritel;Ecritel SASU
ripencc,213.222.64.0,18,n/a
ripencc,213.223.0.0,16,n/a
ripencc,213.225.160.0,19,n/a
ripencc,213.226.72.0,22,fr.ornethd;ORNE THD SPL
ripencc,213.228.0.0,18,fr.proxad;Free SAS
ripencc,213.232.80.0,22,n/a
ripencc,213.232.108.0,22,n/a
ripencc,213.232.198.0,24,fr.lazawan;Guillaume ROBIER
ripencc,213.232.226.0,24,n/a
ripencc,213.244.0.0,19,n/a
ripencc,213.245.0.0,19,n/a
ripencc,213.245.32.0,19,n/a
ripencc,213.245.64.0,18,n/a
ripencc,213.245.128.0,17,n/a
ripencc,213.246.32.0,19,fr.ikoula;Ikoula Net SAS
ripencc,213.251.128.0,18,n/a
ripencc,213.255.195.0,24,n/a
ripencc,217.13.48.0,20,n/a
ripencc,217.15.80.0,20,n/a
ripencc,217.16.0.0,20,n/a
ripencc,217.18.220.0,22,fr.oopaya;OOPAYA SAS
ripencc,217.19.48.0,20,n/a
ripencc,217.19.192.0,20,n/a
ripencc,217.24.80.0,20,n/a
ripencc,217.25.176.0,20,n/a
ripencc,217.26.136.0,21,fr.ipset;SARL IPSET
ripencc,217.26.192.0,20,fr.projet3;Linkt SAS
ripencc,217.28.64.0,22,fr.novacial;NOVACIAL SARL
ripencc,217.64.48.0,20,n/a
ripencc,217.64.156.0,22,fr.a-sis;SAVOYE SASU
ripencc,217.66.112.0,20,n/a
ripencc,217.67.144.0,20,n/a
ripencc,217.69.16.0,20,fr.equinix;Equinix France SAS
ripencc,217.70.80.0,20,n/a
ripencc,217.70.176.0,20,n/a
ripencc,217.71.208.0,21,n/a
ripencc,217.74.96.0,20,n/a
ripencc,217.75.160.0,20,n/a
ripencc,217.108.0.0,15,fr.telecom;Orange S.A.
ripencc,217.112.48.0,20,n/a
ripencc,217.112.64.0,20,fr.afone;AFONE PARTICIPATIONS SA
ripencc,217.112.224.0,20,n/a
ripencc,217.113.192.0,20,n/a
ripencc,217.114.200.0,21,fr.mediactive;MEDIACTIVE SAS
ripencc,217.115.160.0,20,fr.integra;ITS INTEGRA SAS
ripencc,217.118.224.0,20,n/a
ripencc,217.119.176.0,20,fr.axione;AXIONE S.A.S.
ripencc,217.128.0.0,16,fr.telecom;Orange S.A.
ripencc,217.144.112.0,20,fr.ort;ELLISPHERE S.A.
ripencc,217.146.224.0,20,fr.axialys;Axialys SA
ripencc,217.147.192.0,20,fr.cyberouest;Alfa-Safety SARL
ripencc,217.151.0.0,20,fr.poliris;DIGITAL CLASSIFIEDS FRANCE - SAS
ripencc,217.167.0.0,16,fr.telecom;Orange S.A.
ripencc,217.168.96.0,20,fr.sipa;SIPA PRESS SAS
ripencc,217.169.240.0,20,fr.infosat;WEACCESS GROUP S.A.
ripencc,217.171.16.0,20,fr.axione;AXIONE S.A.S.
ripencc,217.174.192.0,20,fr.agarik;AGARIK SAS
ripencc,217.174.208.0,20,fr.agarik;AGARIK SAS
ripencc,217.180.128.0,18,n/a
ripencc,217.181.128.0,17,n/a
ripencc,217.182.0.0,16,n/a
ripencc,217.194.80.0,20,n/a
ripencc,217.195.16.0,20,fr.rdi;SPIE ICS SASU
ripencc,217.198.184.0,24,n/a
